{
	"class_name" : "PoseGraph",
	"edges" : 
	[
		{
			"class_name" : "PoseGraphEdge",
			"confidence" : 1.0,
			"information" : 
			[
				5579.8168191892273,
				-53.13593352369039,
				149.40185873355958,
				0.0,
				-3229.1357302998299,
				-264.87307239753227,
				-53.13593352369039,
				5692.6292655046473,
				470.31486591024475,
				3229.1357302998299,
				0.0,
				104.41243334947674,
				149.40185873355958,
				470.31486591024475,
				890.29400706375793,
				264.87307239753227,
				-104.41243334947674,
				0.0,
				0.0,
				3229.1357302998299,
				264.87307239753227,
				2052.0,
				0.0,
				0.0,
				-3229.1357302998299,
				0.0,
				-104.41243334947674,
				0.0,
				2052.0,
				0.0,
				-264.87307239753227,
				104.41243334947674,
				0.0,
				0.0,
				0.0,
				2052.0
			],
			"source_node_id" : 0,
			"target_node_id" : 1,
			"transformation" : 
			[
				0.99660660986935079,
				0.031634392234011141,
				-0.07599033091585243,
				0.0,
				-0.028675581053409803,
				0.99879939889419778,
				0.039717399459460082,
				0.0,
				0.077155532633541357,
				-0.03740355593466653,
				0.9963172174500704,
				0.0,
				0.11894463468331501,
				-0.12359117327837597,
				0.07019204504216088,
				1.0
			],
			"uncertain" : false,
			"version_major" : 1,
			"version_minor" : 0
		},
		{
			"class_name" : "PoseGraphEdge",
			"confidence" : 0.95087745227205844,
			"information" : 
			[
				10840.166634016199,
				-127.04618408998654,
				561.15656757472186,
				0.0,
				-5742.9691090749739,
				-745.30286550169808,
				-127.04618408998654,
				10885.039607845963,
				1480.1692575947466,
				5742.9691090749739,
				0.0,
				315.53310705397621,
				561.15656757472186,
				1480.1692575947466,
				1713.9508202380882,
				745.30286550169808,
				-315.53310705397621,
				0.0,
				0.0,
				5742.9691090749739,
				745.30286550169808,
				3375.0,
				0.0,
				0.0,
				-5742.9691090749739,
				0.0,
				-315.53310705397621,
				0.0,
				3375.0,
				0.0,
				-745.30286550169808,
				315.53310705397621,
				0.0,
				0.0,
				0.0,
				3375.0
			],
			"source_node_id" : 0,
			"target_node_id" : 2,
			"transformation" : 
			[
				0.98796450936138602,
				0.045391035387912962,
				-0.14787082926909739,
				0.0,
				-0.074698921677229635,
				0.97711932582775141,
				-0.19914289892983961,
				0.0,
				0.1354481426324351,
				0.20779190792794217,
				0.96874987672623203,
				0.0,
				0.0039826743633491202,
				-0.49365631794446296,
				0.22335241155376018,
				1.0
			],
			"uncertain" : true,
			"version_major" : 1,
			"version_minor" : 0
		},
		{
			"class_name" : "PoseGraphEdge",
			"confidence" : 0.98414790280437725,
			"information" : 
			[
				10717.970497302293,
				467.85274657162904,
				-2413.056510045305,
				0.0,
				-5407.6944574617564,
				-1056.6654371934496,
				467.85274657162904,
				10967.770009005199,
				1976.2912659515232,
				5407.6944574617564,
				0.0,
				-1384.9045481276701,
				-2413.056510045305,
				1976.2912659515232,
				2356.9497193801699,
				1056.6654371934496,
				1384.9045481276701,
				0.0,
				0.0,
				5407.6944574617564,
				1056.6654371934496,
				3060.0,
				0.0,
				0.0,
				-5407.6944574617564,
				0.0,
				1384.9045481276701,
				0.0,
				3060.0,
				0.0,
				-1056.6654371934496,
				-1384.9045481276701,
				0.0,
				0.0,
				0.0,
				3060.0
			],
			"source_node_id" : 0,
			"target_node_id" : 3,
			"transformation" : 
			[
				0.92708582586286281,
				0.1343391923221478,
				-0.34994978624140805,
				0.0,
				-0.13205074443302464,
				0.99077327451959496,
				0.030510971672575764,
				0.0,
				0.35081971492328928,
				0.017924840416407087,
				0.93627144980352173,
				0.0,
				0.27742343043739037,
				-0.29570298148176744,
				0.20976915866171719,
				1.0
			],
			"uncertain" : true,
			"version_major" : 1,
			"version_minor" : 0
		},
		{
			"class_name" : "PoseGraphEdge",
			"confidence" : 0.90700563826962854,
			"information" : 
			[
				9699.825237474055,
				-78.877664650370122,
				-2480.5988409963484,
				0.0,
				-4901.0630144643064,
				76.259193754223247,
				-78.877664650370122,
				10208.71916803428,
				-46.752554858003293,
				4901.0630144643064,
				0.0,
				-1281.8962583445184,
				-2480.5988409963484,
				-46.752554858003293,
				1735.4422472560846,
				-76.259193754223247,
				1281.8962583445184,
				0.0,
				0.0,
				4901.0630144643064,
				-76.259193754223247,
				2682.0,
				0.0,
				0.0,
				-4901.0630144643064,
				0.0,
				1281.8962583445184,
				0.0,
				2682.0,
				0.0,
				76.259193754223247,
				-1281.8962583445184,
				0.0,
				0.0,
				0.0,
				2682.0
			],
			"source_node_id" : 0,
			"target_node_id" : 4,
			"transformation" : 
			[
				0.99771229670222494,
				0.066299628022634491,
				-0.013211068587829222,
				0.0,
				-0.066213486471490501,
				0.99778193198892684,
				0.0068549548310454234,
				0.0,
				0.013636246494613036,
				-0.0059645218170586989,
				0.99988923249579598,
				0.0,
				0.90512133558878416,
				0.12710970754126732,
				0.30189976865832691,
				1.0
			],
			"uncertain" : true,
			"version_major" : 1,
			"version_minor" : 0
		},
		{
			"class_name" : "PoseGraphEdge",
			"confidence" : 0.6789083795337425,
			"information" : 
			[
				6619.0926893845099,
				356.10957455860824,
				-2377.3040278664744,
				0.0,
				-3034.2915419915189,
				-506.45347772258947,
				356.10957455860824,
				7315.3240652582535,
				1087.805198154248,
				3034.2915419915189,
				0.0,
				-1171.8036070497526,
				-2377.3040278664744,
				1087.805198154248,
				1453.8661141681357,
				506.45347772258947,
				1171.8036070497526,
				0.0,
				0.0,
				3034.2915419915189,
				506.45347772258947,
				1490.0,
				0.0,
				0.0,
				-3034.2915419915189,
				0.0,
				1171.8036070497526,
				0.0,
				1490.0,
				0.0,
				-506.45347772258947,
				-1171.8036070497526,
				0.0,
				0.0,
				0.0,
				1490.0
			],
			"source_node_id" : 0,
			"target_node_id" : 5,
			"transformation" : 
			[
				0.89680477514666479,
				0.18580951366231857,
				-0.40151714771191771,
				0.0,
				-0.16954876011489986,
				0.98258578031811483,
				0.076015802700110185,
				0.0,
				0.40864949922597649,
				-9.460028863861325e-05,
				0.91269139243949537,
				0.0,
				0.83220107195241488,
				-0.29095949165511814,
				0.44111048925339258,
				1.0
			],
			"uncertain" : true,
			"version_major" : 1,
			"version_minor" : 0
		},
		{
			"class_name" : "PoseGraphEdge",
			"confidence" : 1.0,
			"information" : 
			[
				11654.575550575877,
				27.865753587226781,
				-1160.1230190480499,
				0.0,
				-5329.230999238559,
				-1010.6933187014815,
				27.865753587226781,
				12318.712475037346,
				2300.1389043829072,
				5329.230999238559,
				0.0,
				-556.22199794407538,
				-1160.1230190480499,
				2300.1389043829072,
				2368.7118326030395,
				1010.6933187014815,
				556.22199794407538,
				0.0,
				0.0,
				5329.230999238559,
				1010.6933187014815,
				2770.0,
				0.0,
				0.0,
				-5329.230999238559,
				0.0,
				556.22199794407538,
				0.0,
				2770.0,
				0.0,
				-1010.6933187014815,
				-556.22199794407538,
				0.0,
				0.0,
				0.0,
				2770.0
			],
			"source_node_id" : 4,
			"target_node_id" : 5,
			"transformation" : 
			[
				0.93402316916454786,
				0.098524456003261485,
				-0.34335644894640044,
				0.0,
				-0.10057404677285801,
				0.99485863473111058,
				0.011880993926456756,
				0.0,
				0.3427616964883195,
				0.023435623956083861,
				0.93913001812860819,
				0.0,
				0.0013520594647628899,
				-0.58551659966058778,
				0.51234739234562798,
				1.0
			],
			"uncertain" : false,
			"version_major" : 1,
			"version_minor" : 0
		},
		{
			"class_name" : "PoseGraphEdge",
			"confidence" : 1.0,
			"information" : 
			[
				7925.7758557852658,
				-54.011208197277988,
				423.20364058404675,
				0.0,
				-4417.0860789357212,
				-170.75396304191682,
				-54.011208197277988,
				8007.6064603637351,
				448.32901929158413,
				4417.0860789357212,
				0.0,
				264.08794124812118,
				423.20364058404675,
				448.32901929158413,
				1106.5541757265021,
				170.75396304191682,
				-264.08794124812118,
				0.0,
				0.0,
				4417.0860789357212,
				170.75396304191682,
				2716.0,
				0.0,
				0.0,
				-4417.0860789357212,
				0.0,
				-264.08794124812118,
				0.0,
				2716.0,
				0.0,
				-170.75396304191682,
				264.08794124812118,
				0.0,
				0.0,
				0.0,
				2716.0
			],
			"source_node_id" : 1,
			"target_node_id" : 2,
			"transformation" : 
			[
				0.99680055912098253,
				0.005405618759961252,
				-0.079746000664086672,
				0.0,
				-0.024881623853070085,
				0.96912273815568528,
				-0.24532024617642328,
				0.0,
				0.075957554795614696,
				0.24651956854466556,
				0.9661565878231273,
				0.0,
				-0.14428220159641356,
				-0.43320126038495521,
				0.10721260969092559,
				1.0
			],
			"uncertain" : false,
			"version_major" : 1,
			"version_minor" : 0
		},
		{
			"class_name" : "PoseGraphEdge",
			"confidence" : 0.97830783346041295,
			"information" : 
			[
				10373.701128059838,
				229.95422224753949,
				-2398.5493315151257,
				0.0,
				-5492.4821796463621,
				-563.48050036818995,
				229.95422224753949,
				10792.214134033191,
				1109.9483372279453,
				5492.4821796463621,
				0.0,
				-1383.6047980002945,
				-2398.5493315151257,
				1109.9483372279453,
				1962.0261645582957,
				563.48050036818995,
				1383.6047980002945,
				0.0,
				0.0,
				5492.4821796463621,
				563.48050036818995,
				3197.0,
				0.0,
				0.0,
				-5492.4821796463621,
				0.0,
				1383.6047980002945,
				0.0,
				3197.0,
				0.0,
				-563.48050036818995,
				-1383.6047980002945,
				0.0,
				0.0,
				0.0,
				3197.0
			],
			"source_node_id" : 1,
			"target_node_id" : 3,
			"transformation" : 
			[
				0.95692862939340584,
				0.10866639611112117,
				-0.26921963636309609,
				0.0,
				-0.12056935956298845,
				0.99230916387402623,
				-0.028027715322533758,
				0.0,
				0.26410344144260506,
				0.059280162346700208,
				0.96267088590562511,
				0.0,
				0.14311215007084593,
				-0.21998914365052802,
				0.14844410273422759,
				1.0
			],
			"uncertain" : true,
			"version_major" : 1,
			"version_minor" : 0
		},
		{
			"class_name" : "PoseGraphEdge",
			"confidence" : 0.92562905394100836,
			"information" : 
			[
				9168.2165616993279,
				-356.13940299086107,
				-2499.806242580923,
				0.0,
				-4693.2890840186692,
				516.00816464436218,
				-356.13940299086107,
				9629.0955166685926,
				-826.40048960960723,
				4693.2890840186692,
				0.0,
				-1333.4700467226417,
				-2499.806242580923,
				-826.40048960960723,
				1688.2518827309823,
				-516.00816464436218,
				1333.4700467226417,
				0.0,
				0.0,
				4693.2890840186692,
				-516.00816464436218,
				2627.0,
				0.0,
				0.0,
				-4693.2890840186692,
				0.0,
				1333.4700467226417,
				0.0,
				2627.0,
				0.0,
				516.00816464436218,
				-1333.4700467226417,
				0.0,
				0.0,
				0.0,
				2627.0
			],
			"source_node_id" : 1,
			"target_node_id" : 4,
			"transformation" : 
			[
				0.99511742481868237,
				0.08495060110339378,
				0.050246454545629815,
				0.0,
				-0.082090173357498214,
				0.99502266654634608,
				-0.056489791087724006,
				0.0,
				-0.054795202895599859,
				0.052089235271511269,
				0.99713800314122025,
				0.0,
				0.77306136612593224,
				0.21176831207764907,
				0.19464060271861872,
				1.0
			],
			"uncertain" : true,
			"version_major" : 1,
			"version_minor" : 0
		},
		{
			"class_name" : "PoseGraphEdge",
			"confidence" : 0.83387383151283856,
			"information" : 
			[
				7715.1321583222252,
				430.76602312069235,
				-3129.4209384854403,
				0.0,
				-3507.3333766312635,
				-522.11985240243212,
				430.76602312069235,
				8737.0488256186163,
				1142.1343862023434,
				3507.3333766312635,
				0.0,
				-1523.8339810097577,
				-3129.4209384854403,
				1142.1343862023434,
				1952.9150891202307,
				522.11985240243212,
				1523.8339810097577,
				0.0,
				0.0,
				3507.3333766312635,
				522.11985240243212,
				1716.0,
				0.0,
				0.0,
				-3507.3333766312635,
				0.0,
				1523.8339810097577,
				0.0,
				1716.0,
				0.0,
				-522.11985240243212,
				-1523.8339810097577,
				0.0,
				0.0,
				0.0,
				1716.0
			],
			"source_node_id" : 1,
			"target_node_id" : 5,
			"transformation" : 
			[
				0.94436054336843411,
				0.12652515237650686,
				-0.30360261847516834,
				0.0,
				-0.13864765896222567,
				0.99016675786509134,
				-0.018617687375968694,
				0.0,
				0.29826161468276713,
				0.059675601673016943,
				0.95261683365967942,
				0.0,
				0.81125875222847432,
				-0.27503475217011109,
				0.4422833941092239,
				1.0
			],
			"uncertain" : true,
			"version_major" : 1,
			"version_minor" : 0
		},
		{
			"class_name" : "PoseGraphEdge",
			"confidence" : 0.96546893602234429,
			"information" : 
			[
				6842.9866022592969,
				312.39925874212236,
				-1597.4257425520482,
				0.0,
				-3234.2997765862074,
				-592.8228120888549,
				312.39925874212236,
				7080.3508059075548,
				1302.8171811882507,
				3234.2997765862074,
				0.0,
				-825.71432979809526,
				-1597.4257425520482,
				1302.8171811882507,
				1136.5695158821036,
				592.8228120888549,
				825.71432979809526,
				0.0,
				0.0,
				3234.2997765862074,
				592.8228120888549,
				1677.0,
				0.0,
				0.0,
				-3234.2997765862074,
				0.0,
				825.71432979809526,
				0.0,
				1677.0,
				0.0,
				-592.8228120888549,
				-825.71432979809526,
				0.0,
				0.0,
				0.0,
				1677.0
			],
			"source_node_id" : 4,
			"target_node_id" : 6,
			"transformation" : 
			[
				0.94009653679687499,
				0.03592418351908705,
				-0.33901025727993606,
				0.0,
				-0.0085402954152248023,
				0.99660190719863295,
				0.081924977401692745,
				0.0,
				0.34080135688805929,
				-0.074122139786531704,
				0.93720880466239964,
				0.0,
				0.95570259763305176,
				-0.25675022656496255,
				0.35162838693373177,
				1.0
			],
			"uncertain" : true,
			"version_major" : 1,
			"version_minor" : 0
		},
		{
			"class_name" : "PoseGraphEdge",
			"confidence" : 1.0,
			"information" : 
			[
				10145.892171922236,
				15.370752506248348,
				-1007.6736459977614,
				0.0,
				-5215.4482492369389,
				-755.56191081782197,
				15.370752506248348,
				10439.024285253474,
				1512.3839588802271,
				5215.4482492369389,
				0.0,
				-582.42084206671279,
				-1007.6736459977614,
				1512.3839588802271,
				2243.211697559565,
				755.56191081782197,
				582.42084206671279,
				0.0,
				0.0,
				5215.4482492369389,
				755.56191081782197,
				3045.0,
				0.0,
				0.0,
				-5215.4482492369389,
				0.0,
				582.42084206671279,
				0.0,
				3045.0,
				0.0,
				-755.56191081782197,
				-582.42084206671279,
				0.0,
				0.0,
				0.0,
				3045.0
			],
			"source_node_id" : 2,
			"target_node_id" : 3,
			"transformation" : 
			[
				0.97290835497420147,
				0.078619330685114355,
				-0.217412818536588,
				0.0,
				-0.024536307838170617,
				0.97020486640026227,
				0.24104042567774284,
				0.0,
				0.22988541149683461,
				-0.22917573618483467,
				0.94584944865717446,
				0.0,
				0.20923707990556381,
				0.2885625291117776,
				0.14566303903246935,
				1.0
			],
			"uncertain" : false,
			"version_major" : 1,
			"version_minor" : 0
		},
		{
			"class_name" : "PoseGraphEdge",
			"confidence" : 0.95786378840840403,
			"information" : 
			[
				12489.802259406468,
				-360.0515914093977,
				-563.85762695211463,
				0.0,
				-6817.5503146500741,
				473.46207629908378,
				-360.0515914093977,
				14035.926830695869,
				-487.22367914764197,
				6817.5503146500741,
				0.0,
				30.109080161763128,
				-563.85762695211463,
				-487.22367914764197,
				3471.8390867310477,
				-473.46207629908378,
				-30.109080161763128,
				0.0,
				0.0,
				6817.5503146500741,
				-473.46207629908378,
				4253.0,
				0.0,
				0.0,
				-6817.5503146500741,
				0.0,
				-30.109080161763128,
				0.0,
				4253.0,
				0.0,
				473.46207629908378,
				30.109080161763128,
				0.0,
				0.0,
				0.0,
				4253.0
			],
			"source_node_id" : 2,
			"target_node_id" : 4,
			"transformation" : 
			[
				0.99467948258326533,
				0.00028417681845270548,
				0.10301769834074592,
				0.0,
				-0.024552135084947913,
				0.9718348667856378,
				0.23438042657720651,
				0.0,
				-0.10004958565960947,
				-0.2356627058812632,
				0.9666711795983487,
				0.0,
				0.88680336743272203,
				0.71391798585055388,
				0.2007140132086116,
				1.0
			],
			"uncertain" : true,
			"version_major" : 1,
			"version_minor" : 0
		},
		{
			"class_name" : "PoseGraphEdge",
			"confidence" : 0.90910869403514616,
			"information" : 
			[
				14671.884536215834,
				34.740267320615558,
				-1805.1791522211483,
				0.0,
				-6562.1143233543426,
				-1294.7730524527897,
				34.740267320615558,
				15360.679636041152,
				2937.7077964539035,
				6562.1143233543426,
				0.0,
				-945.23849814096343,
				-1805.1791522211483,
				2937.7077964539035,
				2905.6706682109602,
				1294.7730524527897,
				945.23849814096343,
				0.0,
				0.0,
				6562.1143233543426,
				1294.7730524527897,
				3277.0,
				0.0,
				0.0,
				-6562.1143233543426,
				0.0,
				945.23849814096343,
				0.0,
				3277.0,
				0.0,
				-1294.7730524527897,
				-945.23849814096343,
				0.0,
				0.0,
				0.0,
				3277.0
			],
			"source_node_id" : 2,
			"target_node_id" : 5,
			"transformation" : 
			[
				0.97128910494901233,
				0.092805489124531348,
				-0.21905391070625679,
				0.0,
				-0.04493544167189123,
				0.97576592873332024,
				0.21415335254194429,
				0.0,
				0.23361994925326945,
				-0.19816153388475444,
				0.9519210712025139,
				0.0,
				0.86215206279446166,
				0.19470513338224241,
				0.39572398833368339,
				1.0
			],
			"uncertain" : true,
			"version_major" : 1,
			"version_minor" : 0
		},
		{
			"class_name" : "PoseGraphEdge",
			"confidence" : 1.0,
			"information" : 
			[
				7824.4209028553232,
				24.531939411202568,
				146.75656121615262,
				0.0,
				-3846.0451392178948,
				-452.45335156777162,
				24.531939411202568,
				8305.2581993152107,
				1076.9363140123703,
				3846.0451392178948,
				0.0,
				57.986436151740001,
				146.75656121615262,
				1076.9363140123703,
				1307.8241076768925,
				452.45335156777162,
				-57.986436151740001,
				0.0,
				0.0,
				3846.0451392178948,
				452.45335156777162,
				2082.0,
				0.0,
				0.0,
				-3846.0451392178948,
				0.0,
				-57.986436151740001,
				0.0,
				2082.0,
				0.0,
				-452.45335156777162,
				57.986436151740001,
				0.0,
				0.0,
				0.0,
				2082.0
			],
			"source_node_id" : 5,
			"target_node_id" : 6,
			"transformation" : 
			[
				0.99958718676239577,
				-0.028304128987934066,
				-0.0049327824474214394,
				0.0,
				0.028597669749281598,
				0.99668898183728838,
				0.076113381011882433,
				0.0,
				0.0027621269612766396,
				-0.076223026484018755,
				0.99708696756514792,
				0.0,
				0.98591463526332035,
				0.39486249870424989,
				-0.10536089993188237,
				1.0
			],
			"uncertain" : false,
			"version_major" : 1,
			"version_minor" : 0
		},
		{
			"class_name" : "PoseGraphEdge",
			"confidence" : 1.0,
			"information" : 
			[
				8330.2444380345296,
				-210.17192454132146,
				-1319.5486576488115,
				0.0,
				-4375.3561118310263,
				349.74587156755234,
				-210.17192454132146,
				8722.3995882609888,
				-433.97259061889088,
				4375.3561118310263,
				0.0,
				-638.99827887866491,
				-1319.5486576488115,
				-433.97259061889088,
				1630.9143788350486,
				-349.74587156755234,
				638.99827887866491,
				0.0,
				0.0,
				4375.3561118310263,
				-349.74587156755234,
				2578.0,
				0.0,
				0.0,
				-4375.3561118310263,
				0.0,
				638.99827887866491,
				0.0,
				2578.0,
				0.0,
				349.74587156755234,
				-638.99827887866491,
				0.0,
				0.0,
				0.0,
				2578.0
			],
			"source_node_id" : 3,
			"target_node_id" : 4,
			"transformation" : 
			[
				0.94441743618659724,
				-0.06182747737159449,
				0.3228824387739328,
				0.0,
				0.064302969379065961,
				0.99792589685664168,
				0.0030054137659352963,
				0.0,
				-0.32239856444434362,
				0.017923934410013768,
				0.94643430739777024,
				0.0,
				0.70381564870497326,
				0.43712946659845459,
				0.00036325184642007989,
				1.0
			],
			"uncertain" : false,
			"version_major" : 1,
			"version_minor" : 0
		},
		{
			"class_name" : "PoseGraphEdge",
			"confidence" : 0.96278043362316856,
			"information" : 
			[
				12027.007704306987,
				410.63548077342551,
				-3034.1779076833436,
				0.0,
				-5405.3891652637958,
				-980.08934635773971,
				410.63548077342551,
				12643.013581431027,
				2204.8520644334621,
				5405.3891652637958,
				0.0,
				-1494.5825388636376,
				-3034.1779076833436,
				2204.8520644334621,
				2294.065993749402,
				980.08934635773971,
				1494.5825388636376,
				0.0,
				0.0,
				5405.3891652637958,
				980.08934635773971,
				2674.0,
				0.0,
				0.0,
				-5405.3891652637958,
				0.0,
				1494.5825388636376,
				0.0,
				2674.0,
				0.0,
				-980.08934635773971,
				-1494.5825388636376,
				0.0,
				0.0,
				0.0,
				2674.0
			],
			"source_node_id" : 3,
			"target_node_id" : 5,
			"transformation" : 
			[
				0.99959612794796915,
				0.019024004892163104,
				-0.021110855721402366,
				0.0,
				-0.019289908746870366,
				0.99973623612422635,
				-0.012464252913934493,
				0.0,
				0.020868167431864704,
				0.012866445430967433,
				0.99969944191742299,
				0.0,
				0.6026144237655372,
				-0.092806984613846108,
				0.27425790730660493,
				1.0
			],
			"uncertain" : true,
			"version_major" : 1,
			"version_minor" : 0
		}
	],
	"nodes" : 
	[
		{
			"class_name" : "PoseGraphNode",
			"pose" : 
			[
				1.0,
				-4.7704895589362195e-18,
				0.0,
				0.0,
				0.0,
				1.0,
				-3.4694469519536142e-18,
				0.0,
				2.7755575615628914e-17,
				3.4694469519536142e-18,
				1.0,
				0.0,
				-1.3877787807814457e-17,
				0.0,
				0.0,
				1.0
			],
			"version_major" : 1,
			"version_minor" : 0
		},
		{
			"class_name" : "PoseGraphNode",
			"pose" : 
			[
				0.99588553370173383,
				-0.02477831982994276,
				0.087166728916603459,
				0.0,
				0.02986916102169174,
				0.99789325110544691,
				-0.057592470150869574,
				0.0,
				-0.085556045861621854,
				0.059959104935144225,
				0.99452756057935698,
				0.0,
				-0.084981958644466032,
				0.081821659637739852,
				-0.099084326995477701,
				1.0
			],
			"version_major" : 1,
			"version_minor" : 0
		},
		{
			"class_name" : "PoseGraphNode",
			"pose" : 
			[
				0.98511993071272097,
				-0.068889241038481361,
				0.15745791368396694,
				0.0,
				0.034932874319307174,
				0.97728766447071669,
				0.20901797809083528,
				0.0,
				-0.16828076659070246,
				-0.20040731858525454,
				0.96515205550894156,
				0.0,
				0.081978762118796997,
				0.53901920667007486,
				-0.095935643081892952,
				1.0
			],
			"version_major" : 1,
			"version_minor" : 0
		},
		{
			"class_name" : "PoseGraphNode",
			"pose" : 
			[
				0.92120861963574197,
				-0.13258052983186233,
				0.36578283477812057,
				0.0,
				0.14056577551369384,
				0.9900594876094998,
				0.0048449714826227994,
				0.0,
				-0.36278911486295001,
				0.046953318348502325,
				0.93068761893184881,
				0.0,
				-0.11507164008593405,
				0.29728611746535272,
				-0.30230272870442382,
				1.0
			],
			"version_major" : 1,
			"version_minor" : 0
		},
		{
			"class_name" : "PoseGraphNode",
			"pose" : 
			[
				0.99646317805254903,
				-0.071478292236241969,
				0.044181314199648214,
				0.0,
				0.071918294664729418,
				0.99737474038871443,
				-0.0084490311333698317,
				0.0,
				-0.043461404463428777,
				0.011596593187912781,
				0.99898780040023394,
				0.0,
				-0.85032746067630061,
				-0.093778012445838554,
				-0.33252994142623221,
				1.0
			],
			"version_major" : 1,
			"version_minor" : 0
		},
		{
			"class_name" : "PoseGraphNode",
			"pose" : 
			[
				0.90576617022767869,
				-0.15745831219250758,
				0.39343935338572233,
				0.0,
				0.16365452046262202,
				0.98635371919327219,
				0.017987177815840021,
				0.0,
				-0.39090260014897271,
				0.048095951546012282,
				0.91917459529822632,
				0.0,
				-0.53744096179170231,
				0.45172803124572924,
				-0.79390893965871134,
				1.0
			],
			"version_major" : 1,
			"version_minor" : 0
		},
		{
			"class_name" : "PoseGraphNode",
			"pose" : 
			[
				0.91556921028521943,
				-0.084655349144724862,
				0.39314945381988736,
				0.0,
				0.1286921864102937,
				0.98786215066295457,
				-0.08698673717600694,
				0.0,
				-0.38101357237586964,
				0.1302376410596236,
				0.91535065112590031,
				0.0,
				-1.5388412764955757,
				0.16554188093248556,
				-1.0585633469798621,
				1.0
			],
			"version_major" : 1,
			"version_minor" : 0
		}
	],
	"version_major" : 1,
	"version_minor" : 0
}