{
	"class_name" : "PoseGraph",
	"edges" : 
	[
		{
			"class_name" : "PoseGraphEdge",
			"confidence" : 1.0,
			"information" : 
			[
				101072.01353531727,
				-987.07606006355741,
				1795.8561326582719,
				0.0,
				-59057.016476417761,
				-3708.2249517389164,
				-987.07606006355741,
				103061.27454745141,
				6656.0300024815033,
				59057.016476417761,
				0.0,
				1252.2841401838775,
				1795.8561326582719,
				6656.0300024815033,
				15272.164229494783,
				3708.2249517389164,
				-1252.2841401838775,
				0.0,
				0.0,
				59057.016476417761,
				3708.2249517389164,
				37708.0,
				0.0,
				0.0,
				-59057.016476417761,
				0.0,
				-1252.2841401838775,
				0.0,
				37708.0,
				0.0,
				-3708.2249517389164,
				1252.2841401838775,
				0.0,
				0.0,
				0.0,
				37708.0
			],
			"source_node_id" : 0,
			"target_node_id" : 1,
			"transformation" : 
			[
				0.99686728294495497,
				0.029025904227412098,
				-0.073573888559196582,
				0.0,
				-0.026109111649503951,
				0.99884640663913848,
				0.04030099543358525,
				0.0,
				0.074658787043547933,
				-0.038253794946975138,
				0.99647514403988791,
				0.0,
				0.12188641716494618,
				-0.1250909249432062,
				0.068580318257860803,
				1.0
			],
			"uncertain" : false,
			"version_major" : 1,
			"version_minor" : 0
		},
		{
			"class_name" : "PoseGraphEdge",
			"confidence" : 1.0,
			"information" : 
			[
				125411.0224944393,
				-1718.7672664330523,
				6365.2851032044646,
				0.0,
				-67259.127859133689,
				-8705.4441166481738,
				-1718.7672664330523,
				126073.46848690952,
				17228.02712738387,
				67259.127859133689,
				0.0,
				3565.4229364499597,
				6365.2851032044646,
				17228.02712738387,
				19928.202352072076,
				8705.4441166481738,
				-3565.4229364499597,
				0.0,
				0.0,
				67259.127859133689,
				8705.4441166481738,
				40009.0,
				0.0,
				0.0,
				-67259.127859133689,
				0.0,
				-3565.4229364499597,
				0.0,
				40009.0,
				0.0,
				-8705.4441166481738,
				3565.4229364499597,
				0.0,
				0.0,
				0.0,
				40009.0
			],
			"source_node_id" : 0,
			"target_node_id" : 2,
			"transformation" : 
			[
				0.98622757200134004,
				0.017314541698998466,
				-0.16448520562682126,
				0.0,
				-0.051128808812070471,
				0.97770951629862535,
				-0.20364171146542701,
				0.0,
				0.15729278792685583,
				0.20924700328765317,
				0.96512935427399305,
				0.0,
				-0.0233936834421151,
				-0.53650143111694537,
				0.19563876129031188,
				1.0
			],
			"uncertain" : true,
			"version_major" : 1,
			"version_minor" : 0
		},
		{
			"class_name" : "PoseGraphEdge",
			"confidence" : 1.0,
			"information" : 
			[
				121804.57721165729,
				4043.1018539869015,
				-25315.639361647558,
				0.0,
				-62238.60381602664,
				-11527.337668287144,
				4043.1018539869015,
				124142.14465739936,
				21476.501518974572,
				62238.60381602664,
				0.0,
				-14666.07153362582,
				-25315.639361647558,
				21476.501518974572,
				24455.182631586798,
				11527.337668287144,
				14666.07153362582,
				0.0,
				0.0,
				62238.60381602664,
				11527.337668287144,
				35369.0,
				0.0,
				0.0,
				-62238.60381602664,
				0.0,
				14666.07153362582,
				0.0,
				35369.0,
				0.0,
				-11527.337668287144,
				-14666.07153362582,
				0.0,
				0.0,
				0.0,
				35369.0
			],
			"source_node_id" : 0,
			"target_node_id" : 3,
			"transformation" : 
			[
				0.91982012288495252,
				0.13766932565772913,
				-0.36739365578199429,
				0.0,
				-0.12614241451580166,
				0.99046778762211418,
				0.055332205297450351,
				0.0,
				0.3715091288192473,
				-0.0045517530580684203,
				0.92841814326738703,
				0.0,
				0.2351303978059531,
				-0.27935969422421286,
				0.20636244642668647,
				1.0
			],
			"uncertain" : true,
			"version_major" : 1,
			"version_minor" : 0
		},
		{
			"class_name" : "PoseGraphEdge",
			"confidence" : 1.0,
			"information" : 
			[
				97033.05485308831,
				-1864.705827659305,
				-22375.974034005125,
				0.0,
				-50035.079211103992,
				1545.3027238416284,
				-1864.705827659305,
				101246.48285350455,
				-2029.66097175457,
				50035.079211103992,
				0.0,
				-11818.575481238748,
				-22375.974034005125,
				-2029.66097175457,
				15893.763312840167,
				-1545.3027238416284,
				11818.575481238748,
				0.0,
				0.0,
				50035.079211103992,
				-1545.3027238416284,
				27815.0,
				0.0,
				0.0,
				-50035.079211103992,
				0.0,
				11818.575481238748,
				0.0,
				27815.0,
				0.0,
				1545.3027238416284,
				-11818.575481238748,
				0.0,
				0.0,
				0.0,
				27815.0
			],
			"source_node_id" : 0,
			"target_node_id" : 4,
			"transformation" : 
			[
				0.99547790091691268,
				0.075927474768864606,
				-0.057085614311145227,
				0.0,
				-0.075189206886368778,
				0.99705684631054625,
				0.014974257680036799,
				0.0,
				0.058054560146954447,
				-0.010614320538436346,
				0.99825698306881361,
				0.0,
				0.82785481648103365,
				0.15036142017290413,
				0.26534598932691061,
				1.0
			],
			"uncertain" : true,
			"version_major" : 1,
			"version_minor" : 0
		},
		{
			"class_name" : "PoseGraphEdge",
			"confidence" : 1.0,
			"information" : 
			[
				74555.864604168746,
				4172.1053861302853,
				-26409.169839534836,
				0.0,
				-33830.331588536363,
				-6010.4614417063785,
				4172.1053861302853,
				81754.718700776619,
				12982.248850047072,
				33830.331588536363,
				0.0,
				-12936.190427773341,
				-26409.169839534836,
				12982.248850047072,
				16259.433080727053,
				6010.4614417063785,
				12936.190427773341,
				0.0,
				0.0,
				33830.331588536363,
				6010.4614417063785,
				16496.0,
				0.0,
				0.0,
				-33830.331588536363,
				0.0,
				12936.190427773341,
				0.0,
				16496.0,
				0.0,
				-6010.4614417063785,
				-12936.190427773341,
				0.0,
				0.0,
				0.0,
				16496.0
			],
			"source_node_id" : 0,
			"target_node_id" : 5,
			"transformation" : 
			[
				0.90222773728030614,
				0.16772234629040494,
				-0.3973088529556098,
				0.0,
				-0.16314584296596199,
				0.98554915763009143,
				0.045566345229175048,
				0.0,
				0.39920989968309439,
				0.02370806718103078,
				0.91655299003688495,
				0.0,
				0.86347656839717224,
				-0.35518059382349282,
				0.47663507376996966,
				1.0
			],
			"uncertain" : true,
			"version_major" : 1,
			"version_minor" : 0
		},
		{
			"class_name" : "PoseGraphEdge",
			"confidence" : 1.0,
			"information" : 
			[
				193532.71724058219,
				-120.19589895443882,
				-16596.784829838125,
				0.0,
				-90348.295437770241,
				-16311.40270850353,
				-120.19589895443882,
				203566.38800872109,
				36975.859498593469,
				90348.295437770241,
				0.0,
				-8154.3440737738856,
				-16596.784829838125,
				36975.859498593469,
				35983.389427014328,
				16311.40270850353,
				8154.3440737738856,
				0.0,
				0.0,
				90348.295437770241,
				16311.40270850353,
				47737.0,
				0.0,
				0.0,
				-90348.295437770241,
				0.0,
				8154.3440737738856,
				0.0,
				47737.0,
				0.0,
				-16311.40270850353,
				-8154.3440737738856,
				0.0,
				0.0,
				0.0,
				47737.0
			],
			"source_node_id" : 4,
			"target_node_id" : 5,
			"transformation" : 
			[
				0.93317683968784726,
				0.099117979559955008,
				-0.34548026281997901,
				0.0,
				-0.10107707785135971,
				0.99480146443333195,
				0.012388328956239985,
				0.0,
				0.34491217752239345,
				0.023359633756765839,
				0.93834424243318726,
				0.0,
				-0.0043528213634668632,
				-0.58530538643364449,
				0.5125520498900924,
				1.0
			],
			"uncertain" : false,
			"version_major" : 1,
			"version_minor" : 0
		},
		{
			"class_name" : "PoseGraphEdge",
			"confidence" : 1.0,
			"information" : 
			[
				129176.31944629268,
				-684.40439713849469,
				5354.6478598374561,
				0.0,
				-72777.296203380378,
				-2413.7154245630486,
				-684.40439713849469,
				130291.05559485314,
				6720.0867922303305,
				72777.296203380378,
				0.0,
				3529.9735609298227,
				5354.6478598374561,
				6720.0867922303305,
				17318.310415399941,
				2413.7154245630486,
				-3529.9735609298227,
				0.0,
				0.0,
				72777.296203380378,
				2413.7154245630486,
				45161.0,
				0.0,
				0.0,
				-72777.296203380378,
				0.0,
				-3529.9735609298227,
				0.0,
				45161.0,
				0.0,
				-2413.7154245630486,
				3529.9735609298227,
				0.0,
				0.0,
				0.0,
				45161.0
			],
			"source_node_id" : 1,
			"target_node_id" : 2,
			"transformation" : 
			[
				0.99682816819156539,
				0.0052215486308680309,
				-0.079412458277910422,
				0.0,
				-0.024733211927565016,
				0.96875927665894057,
				-0.24676655388239407,
				0.0,
				0.075643052077447578,
				0.24794797703780794,
				0.96581568083939962,
				0.0,
				-0.14381756016230873,
				-0.43479211143244534,
				0.10841350458255443,
				1.0
			],
			"uncertain" : false,
			"version_major" : 1,
			"version_minor" : 0
		},
		{
			"class_name" : "PoseGraphEdge",
			"confidence" : 1.0,
			"information" : 
			[
				119892.13257933939,
				2453.0384755725454,
				-27564.717103037747,
				0.0,
				-64004.631431188216,
				-6417.7163146648309,
				2453.0384755725454,
				124594.34621680448,
				12494.496921857633,
				64004.631431188216,
				0.0,
				-16059.249842132631,
				-27564.717103037747,
				12494.496921857633,
				22028.408991573153,
				6417.7163146648309,
				16059.249842132631,
				0.0,
				0.0,
				64004.631431188216,
				6417.7163146648309,
				37412.0,
				0.0,
				0.0,
				-64004.631431188216,
				0.0,
				16059.249842132631,
				0.0,
				37412.0,
				0.0,
				-6417.7163146648309,
				-16059.249842132631,
				0.0,
				0.0,
				0.0,
				37412.0
			],
			"source_node_id" : 1,
			"target_node_id" : 3,
			"transformation" : 
			[
				0.95101053692449977,
				0.1044385794101817,
				-0.29098374832515467,
				0.0,
				-0.10664186326697543,
				0.9942626621951719,
				0.008322954013869871,
				0.0,
				0.29018351375900264,
				0.02311583213627506,
				0.9566917929234714,
				0.0,
				0.10307417298667952,
				-0.16668081131950871,
				0.17467838729190746,
				1.0
			],
			"uncertain" : true,
			"version_major" : 1,
			"version_minor" : 0
		},
		{
			"class_name" : "PoseGraphEdge",
			"confidence" : 1.0,
			"information" : 
			[
				92297.522831503185,
				-3614.469793045183,
				-23966.368531122967,
				0.0,
				-48072.317767122971,
				5296.32762610394,
				-3614.469793045183,
				96605.144701212499,
				-8519.3038298570118,
				48072.317767122971,
				0.0,
				-13033.994338647482,
				-23966.368531122967,
				-8519.3038298570118,
				15874.299366397001,
				-5296.32762610394,
				13033.994338647482,
				0.0,
				0.0,
				48072.317767122971,
				-5296.32762610394,
				27144.0,
				0.0,
				0.0,
				-48072.317767122971,
				0.0,
				13033.994338647482,
				0.0,
				27144.0,
				0.0,
				5296.32762610394,
				-13033.994338647482,
				0.0,
				0.0,
				0.0,
				27144.0
			],
			"source_node_id" : 1,
			"target_node_id" : 4,
			"transformation" : 
			[
				0.99865240181541737,
				0.047547468684540656,
				0.020799484849181649,
				0.0,
				-0.047070855466256195,
				0.99863053824826498,
				-0.022833804844034966,
				0.0,
				-0.02185669037099576,
				0.021823984504972024,
				0.9995228855740893,
				0.0,
				0.71345398688374162,
				0.27041329557423738,
				0.19379093466276678,
				1.0
			],
			"uncertain" : true,
			"version_major" : 1,
			"version_minor" : 0
		},
		{
			"class_name" : "PoseGraphEdge",
			"confidence" : 1.0,
			"information" : 
			[
				78803.663754244888,
				3844.5777659828673,
				-30870.616900545287,
				0.0,
				-36583.327396174209,
				-5213.0321388915509,
				3844.5777659828673,
				88701.432989908251,
				11246.009123147276,
				36583.327396174209,
				0.0,
				-15329.037131571702,
				-30870.616900545287,
				11246.009123147276,
				18690.584845838915,
				5213.0321388915509,
				15329.037131571702,
				0.0,
				0.0,
				36583.327396174209,
				5213.0321388915509,
				18201.0,
				0.0,
				0.0,
				-36583.327396174209,
				0.0,
				15329.037131571702,
				0.0,
				18201.0,
				0.0,
				-5213.0321388915509,
				-15329.037131571702,
				0.0,
				0.0,
				0.0,
				18201.0
			],
			"source_node_id" : 1,
			"target_node_id" : 5,
			"transformation" : 
			[
				0.93706667025391932,
				0.13823985144532913,
				-0.32061783944691441,
				0.0,
				-0.14721305010871441,
				0.98909753790300048,
				-0.0037918850078390333,
				0.0,
				0.31659812598454107,
				0.050752379122527516,
				0.94720104657695636,
				0.0,
				0.73026619233461054,
				-0.25150903712130579,
				0.44884252531626817,
				1.0
			],
			"uncertain" : true,
			"version_major" : 1,
			"version_minor" : 0
		},
		{
			"class_name" : "PoseGraphEdge",
			"confidence" : 1.0,
			"information" : 
			[
				66814.921169404683,
				2545.4720953986457,
				-15901.17011065979,
				0.0,
				-32614.755246015244,
				-4935.4790120480093,
				2545.4720953986457,
				69585.747150955081,
				11008.436811208079,
				32614.755246015244,
				0.0,
				-8356.4448711065179,
				-15901.17011065979,
				11008.436811208079,
				10045.53923489515,
				4935.4790120480093,
				8356.4448711065179,
				0.0,
				0.0,
				32614.755246015244,
				4935.4790120480093,
				17305.0,
				0.0,
				0.0,
				-32614.755246015244,
				0.0,
				8356.4448711065179,
				0.0,
				17305.0,
				0.0,
				-4935.4790120480093,
				-8356.4448711065179,
				0.0,
				0.0,
				0.0,
				17305.0
			],
			"source_node_id" : 4,
			"target_node_id" : 6,
			"transformation" : 
			[
				0.93457443565442411,
				0.094912263658733009,
				-0.34287357207634078,
				0.0,
				-0.069570135358086996,
				0.99390637102823742,
				0.085499250848978997,
				0.0,
				0.3488991551830869,
				-0.056051653290998885,
				0.93548254482693249,
				0.0,
				0.95758658542335151,
				-0.23589237956024664,
				0.36296159710127951,
				1.0
			],
			"uncertain" : true,
			"version_major" : 1,
			"version_minor" : 0
		},
		{
			"class_name" : "PoseGraphEdge",
			"confidence" : 1.0,
			"information" : 
			[
				150927.02101564832,
				142.06621318475405,
				-14700.426965401961,
				0.0,
				-78558.637367491188,
				-10706.800360925788,
				142.06621318475405,
				154264.13754317129,
				21465.710347707831,
				78558.637367491188,
				0.0,
				-8396.1378692712933,
				-14700.426965401961,
				21465.710347707831,
				30787.692340469759,
				10706.800360925788,
				8396.1378692712933,
				0.0,
				0.0,
				78558.637367491188,
				10706.800360925788,
				46186.0,
				0.0,
				0.0,
				-78558.637367491188,
				0.0,
				8396.1378692712933,
				0.0,
				46186.0,
				0.0,
				-10706.800360925788,
				-8396.1378692712933,
				0.0,
				0.0,
				0.0,
				46186.0
			],
			"source_node_id" : 2,
			"target_node_id" : 3,
			"transformation" : 
			[
				0.97321916395269403,
				0.074131933985876572,
				-0.21759805899579768,
				0.0,
				-0.020203166752651738,
				0.97049547670678704,
				0.24027143347643171,
				0.0,
				0.22898971804076559,
				-0.22944059373870151,
				0.94600249628447242,
				0.0,
				0.20877775769297879,
				0.28827156970939394,
				0.14597362134647862,
				1.0
			],
			"uncertain" : false,
			"version_major" : 1,
			"version_minor" : 0
		},
		{
			"class_name" : "PoseGraphEdge",
			"confidence" : 1.0,
			"information" : 
			[
				131770.87109474404,
				-3324.6345005701592,
				-5545.2309438766724,
				0.0,
				-72819.833178041416,
				6407.54307367398,
				-3324.6345005701592,
				144071.67835437579,
				-6662.6012629416291,
				72819.833178041416,
				0.0,
				298.61517681516409,
				-5545.2309438766724,
				-6662.6012629416291,
				33326.053233946492,
				-6407.54307367398,
				-298.61517681516409,
				0.0,
				0.0,
				72819.833178041416,
				-6407.54307367398,
				46363.0,
				0.0,
				0.0,
				-72819.833178041416,
				0.0,
				-298.61517681516409,
				0.0,
				46363.0,
				0.0,
				6407.54307367398,
				298.61517681516409,
				0.0,
				0.0,
				0.0,
				46363.0
			],
			"source_node_id" : 2,
			"target_node_id" : 4,
			"transformation" : 
			[
				0.99441499219317364,
				0.016126863640430152,
				0.1043012347509638,
				0.0,
				-0.039511266411253368,
				0.97327524487116046,
				0.22621705848048726,
				0.0,
				-0.097865638137353897,
				-0.22907470831610394,
				0.96847668783604279,
				0.0,
				0.86098488486484093,
				0.72012422840588897,
				0.20456511329060489,
				1.0
			],
			"uncertain" : true,
			"version_major" : 1,
			"version_minor" : 0
		},
		{
			"class_name" : "PoseGraphEdge",
			"confidence" : 1.0,
			"information" : 
			[
				137551.16528461894,
				558.80848247200208,
				-18675.785142525725,
				0.0,
				-63841.975167272351,
				-10836.039446999916,
				558.80848247200208,
				143988.2796315561,
				24261.483930751787,
				63841.975167272351,
				0.0,
				-9681.7921740135171,
				-18675.785142525725,
				24261.483930751787,
				23891.604911989463,
				10836.039446999916,
				9681.7921740135171,
				0.0,
				0.0,
				63841.975167272351,
				10836.039446999916,
				32735.0,
				0.0,
				0.0,
				-63841.975167272351,
				0.0,
				9681.7921740135171,
				0.0,
				32735.0,
				0.0,
				-10836.039446999916,
				-9681.7921740135171,
				0.0,
				0.0,
				0.0,
				32735.0
			],
			"source_node_id" : 2,
			"target_node_id" : 5,
			"transformation" : 
			[
				0.96274265869286413,
				0.11632152747212179,
				-0.24412266461667961,
				0.0,
				-0.056597531852839424,
				0.96943712262253467,
				0.23872240085402263,
				0.0,
				0.26443012786209152,
				-0.21601149860110283,
				0.93990198422545368,
				0.0,
				0.79594983449806145,
				0.22394349630219348,
				0.41408324666722091,
				1.0
			],
			"uncertain" : true,
			"version_major" : 1,
			"version_minor" : 0
		},
		{
			"class_name" : "PoseGraphEdge",
			"confidence" : 1.0,
			"information" : 
			[
				133871.7383559001,
				367.88828196585968,
				4295.9790814507905,
				0.0,
				-66195.527337071224,
				-7210.908409862267,
				367.88828196585968,
				141742.07307927968,
				17266.322837424861,
				66195.527337071224,
				0.0,
				1859.3129741479736,
				4295.9790814507905,
				17266.322837424861,
				20711.832936667346,
				7210.908409862267,
				-1859.3129741479736,
				0.0,
				0.0,
				66195.527337071224,
				7210.908409862267,
				35823.0,
				0.0,
				0.0,
				-66195.527337071224,
				0.0,
				-1859.3129741479736,
				0.0,
				35823.0,
				0.0,
				-7210.908409862267,
				1859.3129741479736,
				0.0,
				0.0,
				0.0,
				35823.0
			],
			"source_node_id" : 5,
			"target_node_id" : 6,
			"transformation" : 
			[
				0.99955709069907739,
				-0.028885050172897931,
				-0.0071607478454679893,
				0.0,
				0.029337213089351524,
				0.9968127399672414,
				0.074186854409322364,
				0.0,
				0.0049950336682721237,
				-0.074364072746920223,
				0.99721864920544867,
				0.0,
				0.97777359188769564,
				0.39080697565908135,
				-0.10711176361784132,
				1.0
			],
			"uncertain" : false,
			"version_major" : 1,
			"version_minor" : 0
		},
		{
			"class_name" : "PoseGraphEdge",
			"confidence" : 1.0,
			"information" : 
			[
				139849.773939406,
				-3160.7397666350548,
				-20583.580157050332,
				0.0,
				-74354.219456847131,
				5518.4195411505507,
				-3160.7397666350548,
				145350.73360394544,
				-6438.8504915134799,
				74354.219456847131,
				0.0,
				-10072.565810724223,
				-20583.580157050332,
				-6438.8504915134799,
				25742.632420179048,
				-5518.4195411505507,
				10072.565810724223,
				0.0,
				0.0,
				74354.219456847131,
				-5518.4195411505507,
				44250.0,
				0.0,
				0.0,
				-74354.219456847131,
				0.0,
				10072.565810724223,
				0.0,
				44250.0,
				0.0,
				5518.4195411505507,
				-10072.565810724223,
				0.0,
				0.0,
				0.0,
				44250.0
			],
			"source_node_id" : 3,
			"target_node_id" : 4,
			"transformation" : 
			[
				0.94553418159683889,
				-0.061018304236961265,
				0.31975283889286288,
				0.0,
				0.063338700673633522,
				0.99798712377512,
				0.0031479796761610837,
				0.0,
				-0.3193013003872307,
				0.017276206965397087,
				0.94749575843056832,
				0.0,
				0.69817692527775188,
				0.43827606619181436,
				-0.0016057510627705599,
				1.0
			],
			"uncertain" : false,
			"version_major" : 1,
			"version_minor" : 0
		},
		{
			"class_name" : "PoseGraphEdge",
			"confidence" : 1.0,
			"information" : 
			[
				133263.60801981163,
				4227.7421380447877,
				-32918.511319254911,
				0.0,
				-61018.890021667627,
				-10613.356423663099,
				4227.7421380447877,
				139756.5864445921,
				23612.194193170581,
				61018.890021667627,
				0.0,
				-16401.133234496356,
				-32918.511319254911,
				23612.194193170581,
				23532.059566352898,
				10613.356423663099,
				16401.133234496356,
				0.0,
				0.0,
				61018.890021667627,
				10613.356423663099,
				30580.0,
				0.0,
				0.0,
				-61018.890021667627,
				0.0,
				16401.133234496356,
				0.0,
				30580.0,
				0.0,
				-10613.356423663099,
				-16401.133234496356,
				0.0,
				0.0,
				0.0,
				30580.0
			],
			"source_node_id" : 3,
			"target_node_id" : 5,
			"transformation" : 
			[
				0.99892451233029766,
				0.040609356041349055,
				-0.02237630147239263,
				0.0,
				-0.04085892161952788,
				0.9991064365837139,
				-0.010810962079479203,
				0.0,
				0.021917280619770194,
				0.011713606571060719,
				0.9996911644259584,
				0.0,
				0.61260890469366269,
				-0.085843550825052767,
				0.27521288824095336,
				1.0
			],
			"uncertain" : true,
			"version_major" : 1,
			"version_minor" : 0
		}
	],
	"nodes" : 
	[
		{
			"class_name" : "PoseGraphNode",
			"pose" : 
			[
				1.0,
				0.0,
				0.0,
				0.0,
				0.0,
				1.0,
				0.0,
				0.0,
				0.0,
				0.0,
				1.0,
				0.0,
				0.0,
				0.0,
				0.0,
				1.0
			],
			"version_major" : 1,
			"version_minor" : 0
		},
		{
			"class_name" : "PoseGraphNode",
			"pose" : 
			[
				0.99686728294495808,
				-0.026109111649503948,
				0.074658787043548239,
				0.0,
				0.029025904227412663,
				0.99884640663915514,
				-0.038253794946975804,
				0.0,
				-0.073573888559198372,
				0.040300995433586242,
				0.99647514403991344,
				0.0,
				-0.11282798360713742,
				0.12536511186406341,
				-0.082223677169428702,
				1.0
			],
			"version_major" : 1,
			"version_minor" : 0
		},
		{
			"class_name" : "PoseGraphNode",
			"pose" : 
			[
				0.90194307699373655,
				-0.11142459021023948,
				0.41723284453593773,
				0.0,
				0.12596382391605346,
				0.99200740216716077,
				-0.007377608692737854,
				0.0,
				-0.41307602318158337,
				0.059210427646302438,
				0.90876967617237936,
				0.0,
				0.17654828056304508,
				0.67515895033288531,
				-0.55051745163716026,
				1.0
			],
			"version_major" : 1,
			"version_minor" : 0
		},
		{
			"class_name" : "PoseGraphNode",
			"pose" : 
			[
				0.864720444167141,
				-0.13112784200030553,
				0.48483403602854502,
				0.0,
				0.024316798270211475,
				0.97511567020176071,
				0.22035907752773587,
				0.0,
				-0.50166447627997757,
				-0.17875938794740565,
				0.84639106473273751,
				0.0,
				0.36587022112689738,
				1.0996529968893509,
				-0.47673963647533546,
				1.0
			],
			"version_major" : 1,
			"version_minor" : 0
		},
		{
			"class_name" : "PoseGraphNode",
			"pose" : 
			[
				0.72619522442037887,
				-0.188250615093882,
				0.66121267527612748,
				0.0,
				0.20280493690776308,
				0.97763924677686997,
				0.055602704317514018,
				0.0,
				-0.65689470510490633,
				0.093718776551752994,
				0.74813510633225744,
				0.0,
				0.25168321196533605,
				0.84344946871367699,
				-0.74002280575911061,
				1.0
			],
			"version_major" : 1,
			"version_minor" : 0
		},
		{
			"class_name" : "PoseGraphNode",
			"pose" : 
			[
				0.72854210628232352,
				-0.15901789779412073,
				0.66628800646181263,
				0.0,
				0.23003172498269736,
				0.97299157482398135,
				-0.019308050731794153,
				0.0,
				-0.64522229105571738,
				0.16733410741004393,
				0.74544449264992008,
				0.0,
				-0.61967492040241012,
				0.63660452647364485,
				-1.3041100278696649,
				1.0
			],
			"version_major" : 1,
			"version_minor" : 0
		},
		{
			"class_name" : "PoseGraphNode",
			"pose" : 
			[
				0.90945169136952653,
				-0.14215883382943348,
				0.39075374218214787,
				0.0,
				0.17396730186297318,
				0.98362696435471708,
				-0.047046496967017404,
				0.0,
				-0.37766784208826593,
				0.11076489045995754,
				0.91929219516636362,
				0.0,
				-1.3314852512167525,
				0.30493424828074217,
				-1.5548297660889774,
				1.0
			],
			"version_major" : 1,
			"version_minor" : 0
		}
	],
	"version_major" : 1,
	"version_minor" : 0
}