0 0 1
1.00000000 -0.00000000 0.00000000 0.00000000
-0.00000000 1.00000000 -0.00000000 0.00000000
-0.00000000 -0.00000000 1.00000000 0.00000000
0.00000000 0.00000000 0.00000000 1.00000000
1 1 2
0.99999883 0.00153123 -0.00004745 -0.00011064
-0.00153130 0.99999766 -0.00152701 -0.00081964
0.00004512 0.00152708 0.99999883 0.00005562
0.00000000 0.00000000 0.00000000 1.00000000
2 2 3
0.99999695 0.00102638 -0.00224547 -0.00314212
-0.00103798 0.99998610 -0.00516946 -0.00684150
0.00224013 0.00517178 0.99998412 -0.00065181
0.00000000 0.00000000 0.00000000 1.00000000
3 3 4
0.99997778 0.00432866 -0.00506917 -0.00564388
-0.00436715 0.99996153 -0.00760746 -0.01322225
0.00503604 0.00762943 0.99995821 -0.00140044
0.00000000 0.00000000 0.00000000 1.00000000
4 4 5
0.99996290 0.00560190 -0.00654385 -0.00723749
-0.00563007 0.99997493 -0.00429345 -0.01760455
0.00651963 0.00433013 0.99996937 -0.00135048
0.00000000 0.00000000 0.00000000 1.00000000
5 5 6
0.99993237 0.00814706 -0.00829901 -0.00698816
-0.00817322 0.99996172 -0.00312325 -0.02127932
0.00827325 0.00319087 0.99996069 -0.00011909
0.00000000 0.00000000 0.00000000 1.00000000
6 6 7
0.99989929 0.00996075 -0.01010919 -0.00722613
-0.00998330 0.99994778 -0.00218248 -0.02757850
0.01008692 0.00228318 0.99994652 0.00066837
0.00000000 0.00000000 0.00000000 1.00000000
7 7 8
0.99986448 0.01176851 -0.01151200 -0.00892644
-0.01181293 0.99992301 -0.00379824 -0.03157917
0.01146642 0.00393372 0.99992652 0.00020970
0.00000000 0.00000000 0.00000000 1.00000000
8 8 9
0.99986035 0.01115165 -0.01244682 -0.01135735
-0.01119044 0.99993273 -0.00305161 -0.03386883
0.01241195 0.00319046 0.99991788 -0.00029863
0.00000000 0.00000000 0.00000000 1.00000000
9 9 10
0.99979294 0.01112642 -0.01703779 -0.01091060
-0.01113270 0.99993799 -0.00027416 -0.03910528
0.01703368 0.00046378 0.99985481 0.00061532
0.00000000 0.00000000 0.00000000 1.00000000
10 10 11
0.99973583 0.01285285 -0.01905459 -0.01109493
-0.01285418 0.99991738 0.00005272 -0.04655138
0.01905370 0.00019222 0.99981844 0.00149908
0.00000000 0.00000000 0.00000000 1.00000000
11 11 12
0.99967819 0.01629995 -0.01943789 -0.01368365
-0.01635482 0.99986269 -0.00266729 -0.05136548
0.01939175 0.00298433 0.99980751 0.00070783
0.00000000 0.00000000 0.00000000 1.00000000
12 12 13
0.99949506 0.01357364 -0.02872932 -0.01672408
-0.01368591 0.99989944 -0.00371495 -0.06064546
0.02867600 0.00410626 0.99958032 0.00042744
0.00000000 0.00000000 0.00000000 1.00000000
13 13 14
0.99945137 0.01495954 -0.02954942 -0.01658730
-0.01509626 0.99987632 -0.00440941 -0.06963160
0.02947980 0.00485308 0.99955359 0.00005829
0.00000000 0.00000000 0.00000000 1.00000000
14 14 15
0.99939696 0.01802108 -0.02968078 -0.01988143
-0.01833982 0.99977666 -0.01050191 -0.07367071
0.02948489 0.01103992 0.99950426 -0.00081629
0.00000000 0.00000000 0.00000000 1.00000000
15 15 16
0.99892780 0.01901815 -0.04220864 -0.02245236
-0.01974888 0.99966105 -0.01696354 -0.08647821
0.04187172 0.01777892 0.99896480 -0.00194091
0.00000000 0.00000000 0.00000000 1.00000000
16 16 17
0.99880455 0.02202126 -0.04364102 -0.02416718
-0.02288906 0.99954809 -0.01948592 -0.09142902
0.04319219 0.02046153 0.99885723 -0.00234179
0.00000000 0.00000000 0.00000000 1.00000000
17 17 18
0.99871893 0.02451238 -0.04426789 -0.02497210
-0.02545297 0.99945939 -0.02081037 -0.09673524
0.04373385 0.02191046 0.99880292 -0.00235668
0.00000000 0.00000000 0.00000000 1.00000000
18 18 19
0.99855313 0.03252869 -0.04281981 -0.02725373
-0.03336604 0.99926281 -0.01898785 -0.10796089
0.04217059 0.02038911 0.99890236 -0.00114912
0.00000000 0.00000000 0.00000000 1.00000000
19 19 20
0.99849094 0.03299766 -0.04389749 -0.02730033
-0.03390025 0.99922552 -0.01997821 -0.11338640
0.04320425 0.02143619 0.99883626 -0.00061531
0.00000000 0.00000000 0.00000000 1.00000000
20 20 21
0.99826405 0.04299844 -0.04024953 -0.02921552
-0.04391696 0.99878802 -0.02222140 -0.13722347
0.03924526 0.02395046 0.99894253 -0.00007874
0.00000000 0.00000000 0.00000000 1.00000000
21 21 22
0.99827700 0.04399467 -0.03882665 -0.03323238
-0.04519540 0.99850912 -0.03060918 -0.13964082
0.03742212 0.03231123 0.99877704 -0.00135344
0.00000000 0.00000000 0.00000000 1.00000000
22 22 23
0.99829533 0.04160761 -0.04092973 -0.03570931
-0.04293543 0.99856154 -0.03211554 -0.14574576
0.03953460 0.03381813 0.99864576 -0.00258751
0.00000000 0.00000000 0.00000000 1.00000000
23 23 24
0.99785643 0.05692726 -0.03227750 -0.04141471
-0.05823519 0.99745472 -0.04114301 -0.17123460
0.02985318 0.04293450 0.99863177 -0.00451234
0.00000000 0.00000000 0.00000000 1.00000000
24 24 25
0.99811266 0.05371102 -0.02976981 -0.04282525
-0.05535250 0.99681720 -0.05737229 -0.17533212
0.02659353 0.05891184 0.99790890 -0.00551258
0.00000000 0.00000000 0.00000000 1.00000000
25 25 26
0.99804536 0.05559043 -0.02855109 -0.04581540
-0.05716172 0.99670570 -0.05753513 -0.18351447
0.02525863 0.05905469 0.99793514 -0.00636308
0.00000000 0.00000000 0.00000000 1.00000000
26 26 27
0.99824385 0.05487009 -0.02232704 -0.04845012
-0.05604976 0.99684626 -0.05617786 -0.19629480
0.01917414 0.05733063 0.99817110 -0.00643601
0.00000000 0.00000000 0.00000000 1.00000000
27 27 28
0.99805909 0.05920956 -0.01929437 -0.05168964
-0.06018597 0.99668614 -0.05472101 -0.20911557
0.01599042 0.05577606 0.99831525 -0.00676739
0.00000000 0.00000000 0.00000000 1.00000000
28 28 29
0.99791979 0.06318343 -0.01280440 -0.05496450
-0.06382968 0.99623382 -0.05868514 -0.22094278
0.00904824 0.05938036 0.99819442 -0.00744406
0.00000000 0.00000000 0.00000000 1.00000000
29 29 30
0.99815300 0.06001624 -0.00941476 -0.05754767
-0.06052188 0.99581109 -0.06853733 -0.22399663
0.00526197 0.06898054 0.99760413 -0.00783953
0.00000000 0.00000000 0.00000000 1.00000000
30 30 31
0.99831220 0.05664511 -0.01280927 -0.06064611
-0.05743901 0.99561862 -0.07378565 -0.22874907
0.00857355 0.07439686 0.99719186 -0.00856901
0.00000000 0.00000000 0.00000000 1.00000000
31 31 32
0.99828477 0.05638817 -0.01574434 -0.06117298
-0.05745562 0.99525410 -0.07853744 -0.23398313
0.01124104 0.07930733 0.99678683 -0.00933989
0.00000000 0.00000000 0.00000000 1.00000000
32 32 33
0.99835890 0.05552227 -0.01402787 -0.06261717
-0.05651226 0.99482399 -0.08444876 -0.24091969
0.00926647 0.08510291 0.99632908 -0.00942754
0.00000000 0.00000000 0.00000000 1.00000000
33 33 34
0.99839529 0.05493203 -0.01375900 -0.06252006
-0.05595322 0.99434376 -0.09027588 -0.24913870
0.00872214 0.09090087 0.99582175 -0.01049060
0.00000000 0.00000000 0.00000000 1.00000000
34 34 35
0.99901072 0.04147741 -0.01603786 -0.06481983
-0.04287672 0.99406866 -0.09994545 -0.25776348
0.01179725 0.10053422 0.99486366 -0.01220536
0.00000000 0.00000000 0.00000000 1.00000000
35 35 36
0.99929114 0.03271736 -0.01862209 -0.06688197
-0.03444300 0.99424203 -0.10147149 -0.26275228
0.01519499 0.10204096 0.99466414 -0.01292488
0.00000000 0.00000000 0.00000000 1.00000000
36 36 37
0.99938517 0.02826315 -0.02074796 -0.06787346
-0.03031742 0.99385172 -0.10648765 -0.26350866
0.01761071 0.10705121 0.99409753 -0.01291793
0.00000000 0.00000000 0.00000000 1.00000000
37 37 38
0.99946778 0.02662232 -0.01885222 -0.06996673
-0.02856125 0.99336352 -0.11141438 -0.26735964
0.01576100 0.11189352 0.99359520 -0.01320358
0.00000000 0.00000000 0.00000000 1.00000000
38 38 39
0.99948842 0.02312769 -0.02209103 -0.07354734
-0.02559339 0.99259077 -0.11877939 -0.26511879
0.01918026 0.11928401 0.99267489 -0.01402293
0.00000000 0.00000000 0.00000000 1.00000000
39 39 40
0.99913188 0.01241679 -0.03976558 -0.08026203
-0.01703301 0.99287475 -0.11793896 -0.26158204
0.03801781 0.11851391 0.99222432 -0.01408943
0.00000000 0.00000000 0.00000000 1.00000000
40 40 41
0.99865182 0.00727395 -0.05139682 -0.08437403
-0.01300431 0.99361693 -0.11205480 -0.25816421
0.05025367 0.11257211 0.99237195 -0.01360593
0.00000000 0.00000000 0.00000000 1.00000000
41 41 42
0.99782804 0.00331578 -0.06578918 -0.08748820
-0.00999487 0.99478990 -0.10145517 -0.25236574
0.06511001 0.10189237 0.99266240 -0.01205828
0.00000000 0.00000000 0.00000000 1.00000000
42 42 43
0.99663686 -0.00255236 -0.08190517 -0.09113779
-0.00442497 0.99638021 -0.08489339 -0.24460953
0.08182537 0.08497031 0.99301795 -0.00994047
0.00000000 0.00000000 0.00000000 1.00000000
43 43 44
0.99445871 0.00039196 -0.10512720 -0.09771614
-0.00546954 0.99883162 -0.04801539 -0.23869462
0.10498556 0.04832432 0.99329894 -0.00461653
0.00000000 0.00000000 0.00000000 1.00000000
44 44 45
0.99325552 0.00904027 -0.11559300 -0.10328431
-0.01353809 0.99917897 -0.03818510 -0.23262699
0.11515290 0.03949247 0.99256242 -0.00294825
0.00000000 0.00000000 0.00000000 1.00000000
45 45 46
0.99156239 0.01050518 -0.12920400 -0.10677434
-0.01367133 0.99962699 -0.02364255 -0.22816666
0.12890743 0.02520945 0.99133615 -0.00077950
0.00000000 0.00000000 0.00000000 1.00000000
46 46 47
0.98992385 0.01376909 -0.14092974 -0.11110105
-0.01512787 0.99984880 -0.00857471 -0.22484052
0.14079037 0.01062028 0.98998247 0.00107576
0.00000000 0.00000000 0.00000000 1.00000000
47 47 48
0.98863276 0.01917366 -0.14912288 -0.11485154
-0.01877808 0.99981543 0.00406033 -0.22291212
0.14917321 -0.00121393 0.98881034 0.00288899
0.00000000 0.00000000 0.00000000 1.00000000
48 48 49
0.98763345 0.02105497 -0.15536040 -0.12138818
-0.01909972 0.99971861 0.01406743 -0.22159787
0.15561288 -0.01092612 0.98775769 0.00327504
0.00000000 0.00000000 0.00000000 1.00000000
49 49 50
0.98654246 0.01998657 -0.16227913 -0.12742635
-0.01639233 0.99959044 0.02345742 -0.21853445
0.16268150 -0.02048161 0.98646603 0.00385699
0.00000000 0.00000000 0.00000000 1.00000000
50 50 51
0.98479915 0.02420555 -0.17200211 -0.12870524
-0.01924114 0.99935042 0.03047152 -0.21649601
0.17262796 -0.02669881 0.98462519 0.00712278
0.00000000 0.00000000 0.00000000 1.00000000
51 51 52
0.98323743 0.03009101 -0.17982962 -0.13738856
-0.02395818 0.99905809 0.03617921 -0.20960737
0.18074891 -0.03126436 0.98303223 0.00881810
0.00000000 0.00000000 0.00000000 1.00000000
52 52 53
0.98258725 0.03145367 -0.18312006 -0.14224847
-0.02474880 0.99894101 0.03878606 -0.20272450
0.18414610 -0.03357869 0.98232514 0.00909665
0.00000000 0.00000000 0.00000000 1.00000000
53 53 54
0.98228462 0.03205725 -0.18463279 -0.14666514
-0.02394133 0.99865356 0.04602050 -0.19921474
0.18585948 -0.04078488 0.98172952 0.00962630
0.00000000 0.00000000 0.00000000 1.00000000
54 54 55
0.98152224 0.03337071 -0.18841574 -0.14943351
-0.02387428 0.99833821 0.05244849 -0.19543102
0.18985287 -0.04698107 0.98068785 0.01023783
0.00000000 0.00000000 0.00000000 1.00000000
55 55 56
0.98105965 0.03658266 -0.19022008 -0.15629552
-0.02620161 0.99804135 0.05680613 -0.18811782
0.19192562 -0.05074613 0.98009662 0.01085455
0.00000000 0.00000000 0.00000000 1.00000000
56 56 57
0.98090865 0.03812675 -0.19069496 -0.16112149
-0.02618164 0.99755654 0.06477250 -0.18497300
0.19269857 -0.05854320 0.97951006 0.01228242
0.00000000 0.00000000 0.00000000 1.00000000
57 57 58
0.98088734 0.03716419 -0.19099436 -0.16386828
-0.02398082 0.99719660 0.07087917 -0.18378931
0.19309309 -0.06494428 0.97902875 0.01411447
0.00000000 0.00000000 0.00000000 1.00000000
58 58 59
0.98098447 0.03826836 -0.19027613 -0.17097605
-0.02477229 0.99703822 0.07280884 -0.17738037
0.19249885 -0.06671076 0.97902700 0.01203787
0.00000000 0.00000000 0.00000000 1.00000000
59 59 60
0.98037833 0.04042499 -0.19293561 -0.17441545
-0.02575475 0.99662463 0.07794902 -0.17504305
0.19543547 -0.07145052 0.97811032 0.01405757
0.00000000 0.00000000 0.00000000 1.00000000
60 60 61
0.98042958 0.04496290 -0.19166685 -0.17557284
-0.02994231 0.99630012 0.08055756 -0.17277143
0.19457981 -0.07324207 0.97814840 0.01620290
0.00000000 0.00000000 0.00000000 1.00000000
61 61 62
0.98071654 0.04892595 -0.18921237 -0.17625446
-0.03406421 0.99613050 0.08101636 -0.17347762
0.19244401 -0.07300871 0.97858828 0.01810684
0.00000000 0.00000000 0.00000000 1.00000000
62 62 63
0.98100170 0.05377325 -0.18639770 -0.17941865
-0.03970440 0.99613038 0.07840810 -0.17178676
0.18989267 -0.06951767 0.97934063 0.01884485
0.00000000 0.00000000 0.00000000 1.00000000
63 63 64
0.98164551 0.05713172 -0.18195621 -0.18337608
-0.04399766 0.99618061 0.07542149 -0.16766465
0.18557020 -0.06603152 0.98040988 0.01912862
0.00000000 0.00000000 0.00000000 1.00000000
64 64 65
0.98234650 0.05853546 -0.17767657 -0.18439879
-0.04594550 0.99618681 0.07416767 -0.16536913
0.18134049 -0.06469491 0.98129007 0.01969040
0.00000000 0.00000000 0.00000000 1.00000000
65 65 66
0.98335771 0.06300769 -0.17040438 -0.18850265
-0.05166804 0.99619502 0.07018468 -0.15881707
0.17417817 -0.06021219 0.98287154 0.01913387
0.00000000 0.00000000 0.00000000 1.00000000
66 66 67
0.98399525 0.06362356 -0.16644934 -0.19034173
-0.05273286 0.99621821 0.06905446 -0.15575353
0.17021335 -0.05917191 0.98362905 0.01918905
0.00000000 0.00000000 0.00000000 1.00000000
67 67 68
0.98492685 0.06762607 -0.15920370 -0.19391079
-0.05755788 0.99608944 0.06702926 -0.15087463
0.16311404 -0.05685549 0.98496765 0.01949922
0.00000000 0.00000000 0.00000000 1.00000000
68 68 69
0.98688147 0.07629983 -0.14227899 -0.19677984
-0.06874283 0.99598749 0.05730042 -0.14563182
0.14608010 -0.04676807 0.98816666 0.02223242
0.00000000 0.00000000 0.00000000 1.00000000
69 69 70
0.98867532 0.07451963 -0.13026101 -0.19927590
-0.06840546 0.99636319 0.05080437 -0.12600550
0.13357320 -0.04131846 0.99017725 0.02051132
0.00000000 0.00000000 0.00000000 1.00000000
70 70 71
0.98959979 0.07016211 -0.12557683 -0.19814986
-0.06369894 0.99646518 0.05476843 -0.11871028
0.12897561 -0.04619972 0.99057099 0.02170345
0.00000000 0.00000000 0.00000000 1.00000000
71 71 72
0.98988504 0.06730113 -0.12489259 -0.19629549
-0.06031283 0.99643904 0.05892029 -0.11584245
0.12841326 -0.05079169 0.99041922 0.02399560
0.00000000 0.00000000 0.00000000 1.00000000
72 72 73
0.99036067 0.06657516 -0.12146392 -0.19522737
-0.05982598 0.99649935 0.05839436 -0.11401012
0.12492633 -0.05056478 0.99087669 0.02533143
0.00000000 0.00000000 0.00000000 1.00000000
73 73 74
0.99062198 0.06713346 -0.11900083 -0.19479814
-0.06122498 0.99673526 0.05263386 -0.11172966
0.12214581 -0.04485443 0.99149810 0.02644529
0.00000000 0.00000000 0.00000000 1.00000000
74 74 75
0.99054913 0.06567530 -0.12041253 -0.19320950
-0.06129349 0.99732821 0.03974353 -0.10320749
0.12270098 -0.03198742 0.99192806 0.02478065
0.00000000 0.00000000 0.00000000 1.00000000
75 75 76
0.98991148 0.07460005 -0.12045789 -0.19059526
-0.07154153 0.99700055 0.02952489 -0.09283025
0.12229914 -0.02060929 0.99227928 0.02303963
0.00000000 0.00000000 0.00000000 1.00000000
76 76 77
0.99016270 0.07662746 -0.11707291 -0.19118952
-0.07440034 0.99695661 0.02328302 -0.07894194
0.11850073 -0.01434372 0.99285036 0.01916635
0.00000000 0.00000000 0.00000000 1.00000000
77 77 78
0.99024401 0.07386332 -0.11815674 -0.18935564
-0.07140669 0.99713651 0.02489720 -0.06529797
0.11965739 -0.01621712 0.99268279 0.01629738
0.00000000 0.00000000 0.00000000 1.00000000
78 78 79
0.99019978 0.07226061 -0.11951068 -0.18708480
-0.06874218 0.99707819 0.03331069 -0.05621819
0.12156854 -0.02476881 0.99227395 0.01491912
0.00000000 0.00000000 0.00000000 1.00000000
79 79 80
0.99031027 0.06864100 -0.12072272 -0.18595990
-0.06382882 0.99702145 0.04329106 -0.05130468
0.12333468 -0.03516600 0.99174186 0.01431997
0.00000000 0.00000000 0.00000000 1.00000000
80 80 81
0.99022316 0.06682761 -0.12244246 -0.18150297
-0.06109840 0.99688028 0.04996701 -0.04872184
0.12539965 -0.04199745 0.99121700 0.01482379
0.00000000 0.00000000 0.00000000 1.00000000
81 81 82
0.99050184 0.07050006 -0.11805016 -0.17994510
-0.06492988 0.99661683 0.05038861 -0.04736631
0.12120318 -0.04224503 0.99172836 0.01548295
0.00000000 0.00000000 0.00000000 1.00000000
82 82 83
0.99098534 0.07054295 -0.11389357 -0.17784909
-0.06611455 0.99691899 0.04220651 -0.04082369
0.11652003 -0.03429601 0.99259602 0.01333243
0.00000000 0.00000000 0.00000000 1.00000000
83 83 84
0.99068717 0.07395357 -0.11432326 -0.17119922
-0.07061474 0.99695799 0.03298968 -0.03280010
0.11641519 -0.02460954 0.99289570 0.01128732
0.00000000 0.00000000 0.00000000 1.00000000
84 84 85
0.99058755 0.07678140 -0.11331777 -0.16841185
-0.07458641 0.99693784 0.02349078 -0.02432935
0.11477443 -0.01481771 0.99328106 0.00824448
0.00000000 0.00000000 0.00000000 1.00000000
85 85 86
0.99074529 0.07976205 -0.10982616 -0.16659337
-0.07844008 0.99678537 0.01631216 -0.01207863
0.11077420 -0.00754642 0.99381695 0.00457757
0.00000000 0.00000000 0.00000000 1.00000000
86 86 87
0.99100033 0.08039102 -0.10703097 -0.16303371
-0.07901390 0.99672765 0.01705263 -0.00506105
0.10805161 -0.00844223 0.99410944 0.00213829
0.00000000 0.00000000 0.00000000 1.00000000
87 87 88
0.99200571 0.07882724 -0.09854407 -0.15988062
-0.07748628 0.99684213 0.01736766 0.00544045
0.09960193 -0.00959300 0.99498112 -0.00357662
0.00000000 0.00000000 0.00000000 1.00000000
88 88 89
0.99250189 0.07414983 -0.09716898 -0.15612913
-0.07312060 0.99722321 0.01411562 0.01425583
0.09794583 -0.00690472 0.99516779 -0.00803411
0.00000000 0.00000000 0.00000000 1.00000000
89 89 90
0.99304139 0.06558913 -0.09781033 -0.15008962
-0.06381507 0.99773737 0.02116061 0.03163268
0.09897693 -0.01477159 0.99498008 -0.01688116
0.00000000 0.00000000 0.00000000 1.00000000
90 90 91
0.99352764 0.06180721 -0.09530321 -0.15069619
-0.05944064 0.99785361 0.02747686 0.03881660
0.09679692 -0.02163413 0.99506900 -0.02111051
0.00000000 0.00000000 0.00000000 1.00000000
91 91 92
0.99378822 0.05788052 -0.09505161 -0.15148870
-0.05501960 0.99795781 0.03245068 0.04750841
0.09673576 -0.02701941 0.99494329 -0.02565828
0.00000000 0.00000000 0.00000000 1.00000000
92 92 93
0.99355957 0.05570521 -0.09867275 -0.14761291
-0.05229157 0.99795165 0.03685228 0.05265991
0.10052350 -0.03145518 0.99443733 -0.02905261
0.00000000 0.00000000 0.00000000 1.00000000
93 93 94
0.99334537 0.05807876 -0.09945766 -0.14660070
-0.05467270 0.99783191 0.03663833 0.06102001
0.10136993 -0.03095690 0.99436704 -0.03413763
0.00000000 0.00000000 0.00000000 1.00000000
94 94 95
0.99306739 0.06106084 -0.10044270 -0.14338244
-0.05740047 0.99759153 0.03894000 0.06545803
0.10257850 -0.03290458 0.99418054 -0.03805422
0.00000000 0.00000000 0.00000000 1.00000000
95 95 96
0.99504787 0.05291193 -0.08414312 -0.13746520
-0.04989858 0.99804921 0.03752221 0.08025283
0.08596435 -0.03313777 0.99574697 -0.05414660
0.00000000 0.00000000 0.00000000 1.00000000
96 96 97
0.99546490 0.05128609 -0.08012101 -0.13353257
-0.04871598 0.99824362 0.03371097 0.08630950
0.08170919 -0.02965491 0.99621493 -0.05991258
0.00000000 0.00000000 0.00000000 1.00000000
97 97 98
0.99567206 0.05009395 -0.07827996 -0.12943209
-0.04767324 0.99833433 0.03249354 0.09134747
0.07977730 -0.02862105 0.99640173 -0.06542278
0.00000000 0.00000000 0.00000000 1.00000000
98 98 99
0.99606131 0.04630936 -0.07561288 -0.12715960
-0.04374710 0.99842236 0.03519904 0.09613227
0.07712363 -0.03175256 0.99651579 -0.07070711
0.00000000 0.00000000 0.00000000 1.00000000
99 99 100
0.99667550 0.03920113 -0.07142278 -0.12634602
-0.03631527 0.99848802 0.04126585 0.10208896
0.07293246 -0.03853493 0.99659215 -0.07566880
0.00000000 0.00000000 0.00000000 1.00000000
100 100 101
0.99638072 0.03263696 -0.07848755 -0.10200878
-0.02954070 0.99875117 0.04029195 0.12538160
0.07970454 -0.03782755 0.99610053 -0.08025661
0.00000000 0.00000000 0.00000000 1.00000000
101 101 102
0.99668657 0.03096980 -0.07521145 -0.10158533
-0.02768888 0.99863535 0.04428052 0.12923269
0.07648017 -0.04205128 0.99618396 -0.08374744
0.00000000 0.00000000 0.00000000 1.00000000
102 102 103
0.99702869 0.02755435 -0.07193430 -0.10038318
-0.02417461 0.99858156 0.04743889 0.13422112
0.07313941 -0.04555895 0.99628059 -0.08693375
0.00000000 0.00000000 0.00000000 1.00000000
103 103 104
0.99716551 0.03051928 -0.06877156 -0.09414997
-0.02718925 0.99843608 0.04884820 0.14295194
0.07015482 -0.04683989 0.99643581 -0.09358139
0.00000000 0.00000000 0.00000000 1.00000000
104 104 105
0.99722352 0.03070253 -0.06784256 -0.09137026
-0.02723446 0.99830333 0.05146602 0.14804065
0.06930759 -0.04947547 0.99636772 -0.09742105
0.00000000 0.00000000 0.00000000 1.00000000
105 105 106
0.99718185 0.03249595 -0.06761932 -0.09254666
-0.02880114 0.99807547 0.05491676 0.15556739
0.06927376 -0.05281449 0.99619866 -0.10066255
0.00000000 0.00000000 0.00000000 1.00000000
106 106 107
0.99684366 0.03414395 -0.07167225 -0.08655917
-0.02970869 0.99763005 0.06206182 0.15709985
0.07362143 -0.05973665 0.99549556 -0.10227822
0.00000000 0.00000000 0.00000000 1.00000000
107 107 108
0.99687754 0.03491102 -0.07082651 -0.08331650
-0.03015769 0.99728998 0.06710602 0.15881984
0.07297730 -0.06476052 0.99522881 -0.10314868
0.00000000 0.00000000 0.00000000 1.00000000
108 108 109
0.99700045 0.03499778 -0.06903092 -0.08196444
-0.03037251 0.99729390 0.06695067 0.16054974
0.07118724 -0.06465320 0.99536543 -0.10418791
0.00000000 0.00000000 0.00000000 1.00000000
109 109 110
0.99665493 0.04282955 -0.06960309 -0.08044711
-0.03863785 0.99742056 0.06049256 0.16348320
0.07201442 -0.05760090 0.99573895 -0.10639670
0.00000000 0.00000000 0.00000000 1.00000000
110 110 111
0.99640153 0.04222327 -0.07349271 -0.07643254
-0.03793804 0.99755106 0.05875877 0.17697356
0.07579372 -0.05575916 0.99556327 -0.11433622
0.00000000 0.00000000 0.00000000 1.00000000
111 111 112
0.99598349 0.04785031 -0.07567850 -0.07357308
-0.04377597 0.99754768 0.05461028 0.17710822
0.07810603 -0.05107803 0.99563572 -0.11547956
0.00000000 0.00000000 0.00000000 1.00000000
112 112 113
0.99576158 0.05011228 -0.07712091 -0.07166963
-0.04673214 0.99789208 0.04502772 0.18461557
0.07921478 -0.04123285 0.99600445 -0.11940679
0.00000000 0.00000000 0.00000000 1.00000000
113 113 114
0.99529159 0.05244468 -0.08151196 -0.06636291
-0.04917100 0.99792098 0.04166460 0.18856564
0.08352758 -0.03746040 0.99580112 -0.12226530
0.00000000 0.00000000 0.00000000 1.00000000
114 114 115
0.99534420 0.05175240 -0.08131181 -0.06558688
-0.04873940 0.99806484 0.03861398 0.19412398
0.08315282 -0.03447111 0.99594044 -0.12468852
0.00000000 0.00000000 0.00000000 1.00000000
115 115 116
0.99521866 0.05186206 -0.08276561 -0.06320813
-0.04886246 0.99808747 0.03786645 0.19709591
0.08457115 -0.03364127 0.99584938 -0.12736412
0.00000000 0.00000000 0.00000000 1.00000000
116 116 117
0.99515885 0.05094640 -0.08404365 -0.05964258
-0.04800675 0.99817489 0.03663656 0.20201529
0.08575677 -0.03242454 0.99578834 -0.13027638
0.00000000 0.00000000 0.00000000 1.00000000
117 117 118
0.99505740 0.05230775 -0.08440776 -0.05789621
-0.04935354 0.99810630 0.03671568 0.20655466
0.08616844 -0.03236839 0.99575463 -0.13376566
0.00000000 0.00000000 0.00000000 1.00000000
118 118 119
0.99493219 0.05212162 -0.08598410 -0.05703567
-0.04885087 0.99801616 0.03971560 0.20610316
0.08788356 -0.03531393 0.99550460 -0.13585300
0.00000000 0.00000000 0.00000000 1.00000000
119 119 120
0.99454218 0.05231112 -0.09027401 -0.04767431
-0.04925389 0.99814558 0.03576935 0.21175351
0.09197774 -0.03112779 0.99527441 -0.14173954
0.00000000 0.00000000 0.00000000 1.00000000
120 120 121
0.99468467 0.05102924 -0.08943389 -0.04647016
-0.04796705 0.99819771 0.03606223 0.21448710
0.09111294 -0.03158067 0.99533969 -0.14601609
0.00000000 0.00000000 0.00000000 1.00000000
121 121 122
0.99458984 0.04801961 -0.09211495 -0.04170444
-0.04478747 0.99831698 0.03684134 0.21796406
0.09372902 -0.03251642 0.99506661 -0.14822083
0.00000000 0.00000000 0.00000000 1.00000000
122 122 123
0.99441438 0.04888428 -0.09354340 -0.04010245
-0.04577172 0.99833380 0.03513639 0.21974942
0.09510516 -0.03065849 0.99499501 -0.15021240
0.00000000 0.00000000 0.00000000 1.00000000
123 123 124
0.99394174 0.05539210 -0.09492914 -0.03999414
-0.05278096 0.99816132 0.02980173 0.22410565
0.09640537 -0.02461073 0.99503785 -0.15443646
0.00000000 0.00000000 0.00000000 1.00000000
124 124 125
0.99385497 0.05530205 -0.09588522 -0.04156485
-0.05280833 0.99820203 0.02835470 0.22709592
0.09728090 -0.02311692 0.99498846 -0.15963210
0.00000000 0.00000000 0.00000000 1.00000000
125 125 126
0.99334724 0.05155442 -0.10297286 -0.04000139
-0.04904856 0.99843886 0.02672241 0.23308887
0.10418976 -0.02149396 0.99432515 -0.16658968
0.00000000 0.00000000 0.00000000 1.00000000
126 126 127
0.99172005 0.05676738 -0.11519034 -0.03897471
-0.05589232 0.99837823 0.01081505 0.24862913
0.11561747 -0.00428724 0.99328456 -0.18110758
0.00000000 0.00000000 0.00000000 1.00000000
127 127 128
0.99133794 0.05646938 -0.11857614 -0.03683946
-0.05544574 0.99839059 0.01191671 0.25191753
0.11905823 -0.00523894 0.99287345 -0.18359858
0.00000000 0.00000000 0.00000000 1.00000000
128 128 129
0.99121490 0.05676900 -0.11945834 -0.03705933
-0.05590949 0.99838024 0.01053695 0.25745340
0.11986302 -0.00376553 0.99278330 -0.18565541
0.00000000 0.00000000 0.00000000 1.00000000
129 129 130
0.99109134 0.05687273 -0.12043024 -0.03754598
-0.05587227 0.99836971 0.01167057 0.25742763
0.12089764 -0.00483789 0.99265319 -0.18758012
0.00000000 0.00000000 0.00000000 1.00000000
130 130 131
0.99095644 0.05621068 -0.12184294 -0.03684819
-0.05533845 0.99841209 0.01053348 0.25783949
0.12224156 -0.00369562 0.99249350 -0.18907776
0.00000000 0.00000000 0.00000000 1.00000000
131 131 132
0.99066996 0.05608512 -0.12420748 -0.03604350
-0.05580664 0.99842519 0.00572293 0.26177071
0.12433284 0.00126206 0.99223976 -0.19133143
0.00000000 0.00000000 0.00000000 1.00000000
132 132 133
0.99023348 0.05942503 -0.12612028 -0.03409161
-0.05965953 0.99821694 0.00192046 0.26403966
0.12600953 0.00562257 0.99201310 -0.19292467
0.00000000 0.00000000 0.00000000 1.00000000
133 133 134
0.99010322 0.06063623 -0.12656563 -0.03456457
-0.06143355 0.99810829 -0.00240218 0.26727852
0.12618055 0.01015378 0.99195533 -0.19425250
0.00000000 0.00000000 0.00000000 1.00000000
134 134 135
0.98977875 0.06160217 -0.12862035 -0.03040566
-0.06279877 0.99801232 -0.00526486 0.27052404
0.12804037 0.01328825 0.99167993 -0.19555463
0.00000000 0.00000000 0.00000000 1.00000000
135 135 136
0.99009525 0.06212620 -0.12590365 -0.03040460
-0.06326925 0.99798348 -0.00509648 0.27079966
0.12533314 0.01301183 0.99202938 -0.19651810
0.00000000 0.00000000 0.00000000 1.00000000
136 136 137
0.99036514 0.05912311 -0.12522516 -0.02468574
-0.06091503 0.99808746 -0.01052571 0.27472834
0.12436335 0.01805239 0.99207251 -0.19758821
0.00000000 0.00000000 0.00000000 1.00000000
137 137 138
0.99053405 0.06021992 -0.12335260 -0.02289463
-0.06246997 0.99794221 -0.01445151 0.27575561
0.12222850 0.02202054 0.99225767 -0.19857244
0.00000000 0.00000000 0.00000000 1.00000000
138 138 139
0.99050394 0.06164943 -0.12288733 -0.02215686
-0.06454076 0.99772091 -0.01968435 0.27771555
0.12139373 0.02742867 0.99222539 -0.19967551
0.00000000 0.00000000 0.00000000 1.00000000
139 139 140
0.98943941 0.07148813 -0.12609167 -0.01588699
-0.07623646 0.99653566 -0.03323678 0.28085435
0.12327881 0.04249856 0.99146165 -0.20040526
0.00000000 0.00000000 0.00000000 1.00000000
140 140 141
0.98989713 0.07025567 -0.12315768 -0.01468702
-0.07595001 0.99621982 -0.04216233 0.28759903
0.11972998 0.05109020 0.99149106 -0.20173721
0.00000000 0.00000000 0.00000000 1.00000000
141 141 142
0.99054796 0.06923170 -0.11841327 -0.00727561
-0.07508381 0.99612991 -0.04569042 0.29390012
0.11479178 0.05414948 0.99191264 -0.20205240
0.00000000 0.00000000 0.00000000 1.00000000
142 142 143
0.99152887 0.06437656 -0.11281030 -0.00782231
-0.06988526 0.99651348 -0.04557338 0.29884699
0.10948313 0.05307110 0.99257086 -0.20355282
0.00000000 0.00000000 0.00000000 1.00000000
143 143 144
0.99141659 0.06316389 -0.11447036 -0.00174355
-0.06875378 0.99659292 -0.04555730 0.30467485
0.11120277 0.05303653 0.99238151 -0.20396611
0.00000000 0.00000000 0.00000000 1.00000000
144 144 145
0.99133396 0.06664799 -0.11320345 -0.00007895
-0.07205462 0.99641393 -0.04435558 0.30922401
0.10984128 0.05212802 0.99258126 -0.20407849
0.00000000 0.00000000 0.00000000 1.00000000
145 145 146
0.99124918 0.06917886 -0.11242483 0.00246065
-0.07444430 0.99628348 -0.04332756 0.31360422
0.10900965 0.05131779 0.99271516 -0.20387776
0.00000000 0.00000000 0.00000000 1.00000000
146 146 147
0.99112694 0.07069346 -0.11256033 0.00679783
-0.07581315 0.99624268 -0.04186747 0.31858612
0.10917765 0.05002954 0.99276245 -0.20453231
0.00000000 0.00000000 0.00000000 1.00000000
147 147 148
0.99108582 0.07454131 -0.11041963 0.01126727
-0.07942182 0.99601903 -0.04047538 0.32035277
0.10696297 0.04888431 0.99306055 -0.20313208
0.00000000 0.00000000 0.00000000 1.00000000
148 148 149
0.99118608 0.07483025 -0.10931870 0.01125332
-0.07981089 0.99592848 -0.04191290 0.32396927
0.10573726 0.05026831 0.99312272 -0.20419153
0.00000000 0.00000000 0.00000000 1.00000000
149 149 150
0.99044766 0.07854050 -0.11333502 0.01751218
-0.08392246 0.99552160 -0.04351732 0.32749994
0.10940959 0.05261299 0.99260335 -0.20412585
0.00000000 0.00000000 0.00000000 1.00000000
150 150 151
0.99004102 0.08357743 -0.11328549 0.02004249
-0.08941995 0.99486051 -0.04750415 0.33322188
0.10873298 0.05716104 0.99242620 -0.20498464
0.00000000 0.00000000 0.00000000 1.00000000
151 151 152
0.98969898 0.08703506 -0.11366980 0.02386653
-0.09304851 0.99446960 -0.04870507 0.33863094
0.10880211 0.05878017 0.99232404 -0.20526036
0.00000000 0.00000000 0.00000000 1.00000000
152 152 153
0.98983319 0.08616606 -0.11316216 0.02900995
-0.09192377 0.99467135 -0.04667895 0.34283699
0.10853702 0.05660667 0.99247942 -0.20454080
0.00000000 0.00000000 0.00000000 1.00000000
153 153 154
0.99019852 0.08521308 -0.11065990 0.03215717
-0.09077896 0.99479587 -0.04626408 0.34659032
0.10614171 0.05585621 0.99278095 -0.20404482
0.00000000 0.00000000 0.00000000 1.00000000
154 154 155
0.99035246 0.08386169 -0.11031418 0.03724359
-0.08963025 0.99479801 -0.04840811 0.35278870
0.10568074 0.05782857 0.99271720 -0.20218881
0.00000000 0.00000000 0.00000000 1.00000000
155 155 156
0.99122213 0.07807017 -0.10669464 0.04430453
-0.08403177 0.99507566 -0.05256515 0.36129943
0.10206547 0.06106948 0.99290138 -0.19719074
0.00000000 0.00000000 0.00000000 1.00000000
156 156 157
0.99183969 0.07305936 -0.10448135 0.05242492
-0.08059779 0.99429663 -0.06984416 0.38019914
0.09878269 0.07769518 0.99207129 -0.18730794
0.00000000 0.00000000 0.00000000 1.00000000
157 157 158
0.99228351 0.07150411 -0.10129462 0.05841872
-0.07964516 0.99370822 -0.07874407 0.39884739
0.09502677 0.08620407 0.99173523 -0.17991227
0.00000000 0.00000000 0.00000000 1.00000000
158 158 159
0.99283179 0.06510117 -0.10023411 0.06131804
-0.07324787 0.99411096 -0.07986327 0.40790130
0.09444464 0.08663273 0.99175349 -0.17617487
0.00000000 0.00000000 0.00000000 1.00000000
159 159 160
0.99313822 0.06112715 -0.09969933 0.06344113
-0.06942778 0.99420874 -0.08202901 0.41713503
0.09410774 0.08838805 0.99163062 -0.17219744
0.00000000 0.00000000 0.00000000 1.00000000
160 160 161
0.99235233 0.05873691 -0.10856713 0.06873101
-0.06847146 0.99374444 -0.08822498 0.42818543
0.10270592 0.09498401 0.99016642 -0.16473970
0.00000000 0.00000000 0.00000000 1.00000000
161 161 162
0.99158932 0.05656051 -0.11641099 0.06961396
-0.06770758 0.99325372 -0.09414211 0.43733900
0.11030093 0.10123221 0.98872936 -0.15980522
0.00000000 0.00000000 0.00000000 1.00000000
162 162 163
0.99042513 0.05757898 -0.12546999 0.06291088
-0.07229392 0.99060626 -0.11607250 0.46696846
0.11760802 0.12403184 0.98528395 -0.15087300
0.00000000 0.00000000 0.00000000 1.00000000
163 163 164
0.99049754 0.05114940 -0.12766504 0.06381578
-0.06691800 0.99021555 -0.12245469 0.47873716
0.12015242 0.12983416 0.98422888 -0.14619164
0.00000000 0.00000000 0.00000000 1.00000000
164 164 165
0.99034639 0.04870852 -0.12977484 0.06550670
-0.06551487 0.98953556 -0.12855803 0.48902148
0.12215495 0.13581917 0.98317411 -0.14078070
0.00000000 0.00000000 0.00000000 1.00000000
165 165 166
0.99016215 0.04669061 -0.13190490 0.06741787
-0.06476252 0.98855857 -0.13622690 0.49935835
0.12403520 0.14342921 0.98185708 -0.13527916
0.00000000 0.00000000 0.00000000 1.00000000
166 166 167
0.99026876 0.03320326 -0.13514931 0.06552016
-0.05312354 0.98777227 -0.14657366 0.51987469
0.12863002 0.15232692 0.97992389 -0.12414723
0.00000000 0.00000000 0.00000000 1.00000000
167 167 168
0.99003632 0.02975666 -0.13763221 0.06585915
-0.05110137 0.98670798 -0.15425955 0.52714199
0.13121255 0.15975575 0.97839735 -0.11850961
0.00000000 0.00000000 0.00000000 1.00000000
168 168 169
0.98980817 0.02493314 -0.14020746 0.06581739
-0.04829440 0.98497955 -0.16577977 0.53756437
0.13396807 0.17086140 0.97614494 -0.11273107
0.00000000 0.00000000 0.00000000 1.00000000
169 169 170
0.98995720 0.01504516 -0.14056449 0.06789574
-0.03963693 0.98397711 -0.17383315 0.54513981
0.13569689 0.17765892 0.97469157 -0.10714557
0.00000000 0.00000000 0.00000000 1.00000000
170 170 171
0.99046372 -0.00984868 -0.13742135 0.06577814
-0.01620803 0.98218611 -0.18721042 0.56313332
0.13681711 0.18765245 0.97266008 -0.09764437
0.00000000 0.00000000 0.00000000 1.00000000
171 171 172
0.98992836 -0.02356522 -0.13959413 0.06551489
-0.00416836 0.98076935 -0.19512590 0.57327470
0.14150783 0.19374254 0.97079316 -0.09329212
0.00000000 0.00000000 0.00000000 1.00000000
172 172 173
0.98916576 -0.03188353 -0.14329876 0.06527302
0.00222912 0.97927984 -0.20249945 0.57858064
0.14678598 0.19998609 0.96874116 -0.08870987
0.00000000 0.00000000 0.00000000 1.00000000
173 173 174
0.98854415 -0.03624786 -0.14651468 0.06345772
0.00424556 0.97702721 -0.21307232 0.59114568
0.15087225 0.21000936 0.96598842 -0.08584860
0.00000000 0.00000000 0.00000000 1.00000000
174 174 175
0.98820846 -0.03367408 -0.14936562 0.06415501
0.00055730 0.97630081 -0.21641725 0.59911035
0.15311343 0.21378211 0.96480749 -0.08076706
0.00000000 0.00000000 0.00000000 1.00000000
175 175 176
0.98796312 -0.03464183 -0.15076082 0.06161189
0.00060499 0.97545984 -0.22017662 0.60542396
0.15468844 0.21743517 0.96373930 -0.07898170
0.00000000 0.00000000 0.00000000 1.00000000
176 176 177
0.98715042 -0.03581475 -0.15572845 0.06094858
0.00042815 0.97514832 -0.22155264 0.61540123
0.15979319 0.21863911 0.96263341 -0.07622355
0.00000000 0.00000000 0.00000000 1.00000000
177 177 178
0.98689506 -0.03226984 -0.15810377 0.06415391
-0.00277180 0.97626477 -0.21656275 0.62180502
0.16133959 0.21416294 0.96338143 -0.07141531
0.00000000 0.00000000 0.00000000 1.00000000
178 178 179
0.98687984 -0.03697677 -0.15716522 0.05791902
0.00236579 0.97662895 -0.21491928 0.63642177
0.16143912 0.21172768 0.96390290 -0.06678052
0.00000000 0.00000000 0.00000000 1.00000000
179 179 180
0.98585849 -0.03256345 -0.16438573 0.05893508
-0.00391543 0.97619532 -0.21685793 0.64326385
0.16753423 0.21443487 0.96226294 -0.06351162
0.00000000 0.00000000 0.00000000 1.00000000
180 180 181
0.98535174 -0.02797212 -0.16822460 0.05703519
-0.00974901 0.97560311 -0.21932518 0.64931327
0.17025543 0.21775247 0.96103951 -0.06173642
0.00000000 0.00000000 0.00000000 1.00000000
181 181 182
0.98437781 -0.02772996 -0.17387172 0.05794837
-0.01157733 0.97518847 -0.22107332 0.65392408
0.17568805 0.21963264 0.95963285 -0.05961425
0.00000000 0.00000000 0.00000000 1.00000000
182 182 183
0.98428316 -0.02502742 -0.17481501 0.05652359
-0.01560875 0.97370333 -0.22728438 0.66111198
0.17590630 0.22644083 0.95800915 -0.05838971
0.00000000 0.00000000 0.00000000 1.00000000
183 183 184
0.98388518 -0.01744484 -0.17794841 0.05627497
-0.02454263 0.97263285 -0.23104762 0.66669707
0.17710905 0.23169165 0.95653090 -0.05751510
0.00000000 0.00000000 0.00000000 1.00000000
184 184 185
0.98381944 -0.01990713 -0.17805341 0.05441295
-0.02231724 0.97245109 -0.23203626 0.67054948
0.17776741 0.23225544 0.95627201 -0.05667845
0.00000000 0.00000000 0.00000000 1.00000000
185 185 186
0.98333495 -0.02266849 -0.18038437 0.05679588
-0.02058468 0.97193324 -0.23435453 0.67887933
0.18063403 0.23416216 0.95526930 -0.05355429
0.00000000 0.00000000 0.00000000 1.00000000
186 186 187
0.98337643 -0.02063586 -0.18040219 0.05622023
-0.02274710 0.97169406 -0.23514512 0.68507220
0.18014816 0.23533980 0.95507163 -0.05154788
0.00000000 0.00000000 0.00000000 1.00000000
187 187 188
0.98423589 -0.02431418 -0.17518144 0.05915033
-0.01758688 0.97214072 -0.23373731 0.69425208
0.17598414 0.23313354 0.95638817 -0.04722427
0.00000000 0.00000000 0.00000000 1.00000000
188 188 189
0.98480584 -0.02473221 -0.17188884 0.05889132
-0.01594855 0.97274287 -0.23133732 0.70045562
0.17292512 0.23056372 0.95756842 -0.04490131
0.00000000 0.00000000 0.00000000 1.00000000
189 189 190
0.98631269 -0.01767032 -0.16393606 0.06151215
-0.01934665 0.97497113 -0.22148817 0.71320440
0.16374669 0.22162821 0.96128454 -0.04063952
0.00000000 0.00000000 0.00000000 1.00000000
190 190 191
0.98702441 -0.01751567 -0.15961208 0.06202915
-0.01752920 0.97633744 -0.21554100 0.71255655
0.15961059 0.21554210 0.96336185 -0.03966550
0.00000000 0.00000000 0.00000000 1.00000000
191 191 192
0.98772548 -0.02127487 -0.15474416 0.05935907
-0.01207174 0.97732085 -0.21141958 0.71079521
0.15573262 0.21069254 0.96506788 -0.04063854
0.00000000 0.00000000 0.00000000 1.00000000
192 192 193
0.98782562 -0.02131431 -0.15409816 0.06019083
-0.01139004 0.97800123 -0.20828793 0.70528755
0.15514770 0.20750734 0.96585190 -0.04179386
0.00000000 0.00000000 0.00000000 1.00000000
193 193 194
0.98808505 -0.01992492 -0.15261366 0.05975406
-0.01259921 0.97778525 -0.20923017 0.69926696
0.15339228 0.20866002 0.96588395 -0.04392811
0.00000000 0.00000000 0.00000000 1.00000000
194 194 195
0.98832886 -0.01482045 -0.15161271 0.05872337
-0.01721214 0.97801875 -0.20780536 0.68998672
0.15135985 0.20798962 0.96634907 -0.04699552
0.00000000 0.00000000 0.00000000 1.00000000
195 195 196
0.98835442 -0.01301604 -0.15161175 0.06002266
-0.01904869 0.97791498 -0.20813320 0.67346098
0.15097247 0.20859738 0.96627866 -0.05074076
0.00000000 0.00000000 0.00000000 1.00000000
196 196 197
0.98859063 -0.00921748 -0.15034498 0.06023347
-0.02340984 0.97659583 -0.21380498 0.66402337
0.14879703 0.21488515 0.96523770 -0.05280592
0.00000000 0.00000000 0.00000000 1.00000000
197 197 198
0.98892183 -0.00351701 -0.14839554 0.06127115
-0.02872042 0.97629418 -0.21453396 0.64806298
0.14563222 0.21641930 0.96537762 -0.05596024
0.00000000 0.00000000 0.00000000 1.00000000
198 198 199
0.98923198 0.00421921 -0.14629520 0.05757732
-0.03690924 0.97446795 -0.22147216 0.61584594
0.14162555 0.22448699 0.96413059 -0.06270239
0.00000000 0.00000000 0.00000000 1.00000000
199 199 200
0.98881519 0.01365598 -0.14851949 0.05562864
-0.04580638 0.97547797 -0.21527774 0.59428272
0.14193766 0.21967304 0.96519296 -0.06702604
0.00000000 0.00000000 0.00000000 1.00000000
200 200 201
0.98571263 0.02077218 -0.16715001 0.06983227
-0.05558281 0.97689182 -0.20638052 0.56682996
0.15900051 0.21272255 0.96408918 -0.06941472
0.00000000 0.00000000 0.00000000 1.00000000
201 201 202
0.98412994 0.02938690 -0.17499907 0.07104969
-0.06556540 0.97662322 -0.20471509 0.54464135
0.16489222 0.21294013 0.96305091 -0.07246699
0.00000000 0.00000000 0.00000000 1.00000000
202 202 203
0.98289359 0.04027929 -0.17971583 0.06820823
-0.07778501 0.97527964 -0.20683111 0.52391279
0.16694218 0.21727217 0.96172923 -0.07672123
0.00000000 0.00000000 0.00000000 1.00000000
203 203 204
0.98160239 0.04343236 -0.18593110 0.06472857
-0.08255917 0.97459516 -0.20820246 0.50608147
0.17216483 0.21972235 0.96025068 -0.08098404
0.00000000 0.00000000 0.00000000 1.00000000
204 204 205
0.97564426 0.04301709 -0.21509954 0.05711809
-0.08819854 0.97475671 -0.20511063 0.46074508
0.20084645 0.21908647 0.95480984 -0.09103842
0.00000000 0.00000000 0.00000000 1.00000000
205 205 206
0.97148419 0.04582638 -0.23263365 0.05675344
-0.09471986 0.97446280 -0.20359370 0.44330688
0.21736288 0.21982309 0.95101587 -0.09459145
0.00000000 0.00000000 0.00000000 1.00000000
206 206 207
0.96395200 0.04798299 -0.26171391 0.05399091
-0.10354649 0.97371703 -0.20286269 0.41945083
0.24510134 0.22264946 0.94358495 -0.10148158
0.00000000 0.00000000 0.00000000 1.00000000
207 207 208
0.95951911 0.05638089 -0.27594253 0.05790406
-0.11570481 0.97217251 -0.20369833 0.40836956
0.25677905 0.22738032 0.93934164 -0.10358728
0.00000000 0.00000000 0.00000000 1.00000000
208 208 209
0.95606748 0.06457008 -0.28594698 0.05876257
-0.12653626 0.97078803 -0.20386068 0.39925206
0.26443060 0.23108723 0.93630932 -0.10676968
