{
	"class_name" : "PoseGraph",
	"edges" : 
	[
		{
			"class_name" : "PoseGraphEdge",
			"confidence" : 1.0,
			"information" : 
			[
				559593.70297079405,
				-4283.066261775366,
				26473.462331726929,
				0.0,
				-358252.26141488552,
				-2755.3267838225001,
				-4283.066261775366,
				572268.84484014532,
				11434.627799905942,
				358252.26141488552,
				0.0,
				11363.400684894877,
				26473.462331726929,
				11434.627799905942,
				79496.428197842368,
				2755.3267838225001,
				-11363.400684894877,
				0.0,
				0.0,
				358252.26141488552,
				2755.3267838225001,
				252140.0,
				0.0,
				0.0,
				-358252.26141488552,
				0.0,
				-11363.400684894877,
				0.0,
				252140.0,
				0.0,
				-2755.3267838225001,
				11363.400684894877,
				0.0,
				0.0,
				0.0,
				252140.0
			],
			"source_node_id" : 0,
			"target_node_id" : 1,
			"transformation" : 
			[
				0.99999881478781438,
				0.0015072371483206425,
				-0.00031410053166227317,
				0.0,
				-0.0015079237057964187,
				0.99999644937120491,
				-0.0021971370191459887,
				0.0,
				0.00031078780987267498,
				0.0021976080547101238,
				0.99999753696185434,
				0.0,
				-0.00022353482170282498,
				-4.9423656135733627e-05,
				-0.00052640764556948839,
				1.0
			],
			"uncertain" : false,
			"version_major" : 1,
			"version_minor" : 0
		},
		{
			"class_name" : "PoseGraphEdge",
			"confidence" : 0.99294690392851859,
			"information" : 
			[
				536416.34884744801,
				-4080.6547126616188,
				21126.210624841176,
				0.0,
				-342579.48854517937,
				-677.51477589417482,
				-4080.6547126616188,
				548445.79195416975,
				8573.1013442979092,
				342579.48854517937,
				0.0,
				8231.8855709421914,
				21126.210624841176,
				8573.1013442979092,
				73855.044419423386,
				677.51477589417482,
				-8231.8855709421914,
				0.0,
				0.0,
				342579.48854517937,
				677.51477589417482,
				239823.0,
				0.0,
				0.0,
				-342579.48854517937,
				0.0,
				-8231.8855709421914,
				0.0,
				239823.0,
				0.0,
				-677.51477589417482,
				8231.8855709421914,
				0.0,
				0.0,
				0.0,
				239823.0
			],
			"source_node_id" : 0,
			"target_node_id" : 5,
			"transformation" : 
			[
				0.999928246216508,
				0.0082378469197511382,
				-0.0086971430081269115,
				0.0,
				-0.0082825718124788783,
				0.99995259605182818,
				-0.0051190480931312173,
				0.0,
				0.0086545607946447046,
				0.0051907154935910277,
				0.9999490762284432,
				0.0,
				0.0062560962944062191,
				0.019041871486635525,
				-0.00063399849292884855,
				1.0
			],
			"uncertain" : true,
			"version_major" : 1,
			"version_minor" : 0
		},
		{
			"class_name" : "PoseGraphEdge",
			"confidence" : 0.96714942699659334,
			"information" : 
			[
				520875.98349859973,
				-3859.633321823987,
				16633.199217948822,
				0.0,
				-332071.07229924202,
				986.80905368953245,
				-3859.633321823987,
				532528.04599271971,
				6224.7080137802659,
				332071.07229924202,
				0.0,
				5775.8440538736759,
				16633.199217948822,
				6224.7080137802659,
				69113.05842435472,
				-986.80905368953245,
				-5775.8440538736759,
				0.0,
				0.0,
				332071.07229924202,
				-986.80905368953245,
				231236.0,
				0.0,
				0.0,
				-332071.07229924202,
				0.0,
				-5775.8440538736759,
				0.0,
				231236.0,
				0.0,
				986.80905368953245,
				5775.8440538736759,
				0.0,
				0.0,
				0.0,
				231236.0
			],
			"source_node_id" : 0,
			"target_node_id" : 10,
			"transformation" : 
			[
				0.9996911339275345,
				0.01361512495791249,
				-0.020790986485979993,
				0.0,
				-0.013732825948758322,
				0.9998904143406161,
				-0.0055289059687041783,
				0.0,
				0.02071343134637256,
				0.0058127172759479175,
				0.99976855625676064,
				0.0,
				0.0083346117952622246,
				0.0392062259588489,
				-0.0021538031853162712,
				1.0
			],
			"uncertain" : true,
			"version_major" : 1,
			"version_minor" : 0
		},
		{
			"class_name" : "PoseGraphEdge",
			"confidence" : 0.99202627443483882,
			"information" : 
			[
				470446.10066996241,
				-3627.9839480446649,
				6923.1192945864823,
				0.0,
				-298679.84601742029,
				4924.4090273195179,
				-3627.9839480446649,
				482369.46008554858,
				559.48634232161157,
				298679.84601742029,
				0.0,
				149.28242089494597,
				6923.1192945864823,
				559.48634232161157,
				56988.21023307729,
				-4924.4090273195179,
				-149.28242089494597,
				0.0,
				0.0,
				298679.84601742029,
				-4924.4090273195179,
				205363.0,
				0.0,
				0.0,
				-298679.84601742029,
				0.0,
				-149.28242089494597,
				0.0,
				205363.0,
				0.0,
				4924.4090273195179,
				149.28242089494597,
				0.0,
				0.0,
				0.0,
				205363.0
			],
			"source_node_id" : 0,
			"target_node_id" : 15,
			"transformation" : 
			[
				0.99896433503430837,
				0.018020992280483573,
				-0.041779195381066843,
				0.0,
				-0.01868550938196795,
				0.99970417181668647,
				-0.015569861638698869,
				0.0,
				0.04148625156119734,
				0.016334402025743426,
				0.99900554465020952,
				0.0,
				0.021660797215971708,
				0.088767328098136283,
				-0.0016812865293568333,
				1.0
			],
			"uncertain" : true,
			"version_major" : 1,
			"version_minor" : 0
		},
		{
			"class_name" : "PoseGraphEdge",
			"confidence" : 0.86674026799299875,
			"information" : 
			[
				434986.14415786427,
				-3130.9649445590908,
				7351.2691477965254,
				0.0,
				-276848.18051975965,
				8805.4961889302358,
				-3130.9649445590908,
				448686.67466980859,
				-5426.7844508068638,
				276848.18051975965,
				0.0,
				697.93463018292096,
				7351.2691477965254,
				-5426.7844508068638,
				50254.163960329548,
				-8805.4961889302358,
				-697.93463018292096,
				0.0,
				0.0,
				276848.18051975965,
				-8805.4961889302358,
				189594.0,
				0.0,
				0.0,
				-276848.18051975965,
				0.0,
				-697.93463018292096,
				0.0,
				189594.0,
				0.0,
				8805.4961889302358,
				697.93463018292096,
				0.0,
				0.0,
				0.0,
				189594.0
			],
			"source_node_id" : 0,
			"target_node_id" : 20,
			"transformation" : 
			[
				0.99801351412737693,
				0.046250377836818353,
				-0.042777659696084616,
				0.0,
				-0.047768497204750064,
				0.99823891521725239,
				-0.035174405761619926,
				0.0,
				0.041075495053891548,
				0.037147956819114661,
				0.99846523875908766,
				0.0,
				0.020443773992474653,
				0.1219467828245112,
				-0.0041830144492585866,
				1.0
			],
			"uncertain" : true,
			"version_major" : 1,
			"version_minor" : 0
		},
		{
			"class_name" : "PoseGraphEdge",
			"confidence" : 0.95118928270863701,
			"information" : 
			[
				338517.31027814455,
				-830.50863604187384,
				-38177.787469812138,
				0.0,
				-209412.25774931908,
				-1426.3481609568698,
				-830.50863604187384,
				341690.86261643283,
				8711.8774703128292,
				209412.25774931908,
				0.0,
				-24817.392953652772,
				-38177.787469812138,
				8711.8774703128292,
				37421.044000753514,
				1426.3481609568698,
				24817.392953652772,
				0.0,
				0.0,
				209412.25774931908,
				1426.3481609568698,
				139222.0,
				0.0,
				0.0,
				-209412.25774931908,
				0.0,
				24817.392953652772,
				0.0,
				139222.0,
				0.0,
				-1426.3481609568698,
				-24817.392953652772,
				0.0,
				0.0,
				0.0,
				139222.0
			],
			"source_node_id" : 0,
			"target_node_id" : 55,
			"transformation" : 
			[
				0.98206010768630025,
				0.035237310111932367,
				-0.18524652997356708,
				0.0,
				-0.023604133038985842,
				0.99762987454304741,
				0.064633414908239678,
				0.0,
				0.18708498014177938,
				-0.059101314666412837,
				0.98056424818063359,
				0.0,
				0.15448341714790259,
				0.20623318555054154,
				-0.0318943011775457,
				1.0
			],
			"uncertain" : true,
			"version_major" : 1,
			"version_minor" : 0
		},
		{
			"class_name" : "PoseGraphEdge",
			"confidence" : 0.96515387185413626,
			"information" : 
			[
				354112.41885928909,
				-771.71719758978543,
				-40066.61454661985,
				0.0,
				-218812.36728614569,
				-2314.1335862765554,
				-771.71719758978543,
				354543.64295551728,
				9986.3829378611663,
				218812.36728614569,
				0.0,
				-25830.487351723132,
				-40066.61454661985,
				9986.3829378611663,
				41519.726748812427,
				2314.1335862765554,
				25830.487351723132,
				0.0,
				0.0,
				218812.36728614569,
				2314.1335862765554,
				146339.0,
				0.0,
				0.0,
				-218812.36728614569,
				0.0,
				25830.487351723132,
				0.0,
				146339.0,
				0.0,
				-2314.1335862765554,
				-25830.487351723132,
				0.0,
				0.0,
				0.0,
				146339.0
			],
			"source_node_id" : 0,
			"target_node_id" : 65,
			"transformation" : 
			[
				0.98294595248408223,
				0.062850263420075728,
				-0.17282100243658913,
				0.0,
				-0.050524726652570018,
				0.99591624724447581,
				0.074820321244719407,
				0.0,
				0.17681772109108113,
				-0.064812598023123932,
				0.98210733662143557,
				0.0,
				0.17050996470691998,
				0.17747795656789431,
				-0.040793855528470466,
				1.0
			],
			"uncertain" : true,
			"version_major" : 1,
			"version_minor" : 0
		},
		{
			"class_name" : "PoseGraphEdge",
			"confidence" : 0.83988635690865676,
			"information" : 
			[
				380772.43853954726,
				-1642.1419171168945,
				-32326.474023177481,
				0.0,
				-237144.97804874182,
				-1087.1593971046386,
				-1642.1419171168945,
				381457.0739436727,
				8699.6034597702001,
				237144.97804874182,
				0.0,
				-21138.392911852105,
				-32326.474023177481,
				8699.6034597702001,
				44293.517815706422,
				1087.1593971046386,
				21138.392911852105,
				0.0,
				0.0,
				237144.97804874182,
				1087.1593971046386,
				159988.0,
				0.0,
				0.0,
				-237144.97804874182,
				0.0,
				21138.392911852105,
				0.0,
				159988.0,
				0.0,
				-1087.1593971046386,
				-21138.392911852105,
				0.0,
				0.0,
				0.0,
				159988.0
			],
			"source_node_id" : 0,
			"target_node_id" : 75,
			"transformation" : 
			[
				0.99156099716952784,
				0.07334156310933658,
				-0.10690090744633902,
				0.0,
				-0.070326605314524226,
				0.99701986715903734,
				0.031710456873259005,
				0.0,
				0.10890802301532522,
				-0.023924874312206766,
				0.99376387683998602,
				0.0,
				0.19964136019679973,
				0.11100272099280913,
				-0.042176243196125063,
				1.0
			],
			"uncertain" : true,
			"version_major" : 1,
			"version_minor" : 0
		},
		{
			"class_name" : "PoseGraphEdge",
			"confidence" : 0.88219187579471403,
			"information" : 
			[
				399181.6755441546,
				-2018.9825172818203,
				-36260.066624454485,
				0.0,
				-247963.79848575592,
				-2223.436914807884,
				-2018.9825172818203,
				399354.42014134576,
				9289.9187615334358,
				247963.79848575592,
				0.0,
				-23662.253153995611,
				-36260.066624454485,
				9289.9187615334358,
				47876.964187792022,
				2223.436914807884,
				23662.253153995611,
				0.0,
				0.0,
				247963.79848575592,
				2223.436914807884,
				167024.0,
				0.0,
				0.0,
				-247963.79848575592,
				0.0,
				23662.253153995611,
				0.0,
				167024.0,
				0.0,
				-2223.436914807884,
				-23662.253153995611,
				0.0,
				0.0,
				0.0,
				167024.0
			],
			"source_node_id" : 0,
			"target_node_id" : 80,
			"transformation" : 
			[
				0.99157799382935841,
				0.065762270833711833,
				-0.11157242440736016,
				0.0,
				-0.060329659589313522,
				0.99685468084230799,
				0.051391414230552317,
				0.0,
				0.11460110962455849,
				-0.044227469038734646,
				0.99242657998224104,
				0.0,
				0.19057408079664606,
				0.063935934773368383,
				-0.033446625552747834,
				1.0
			],
			"uncertain" : true,
			"version_major" : 1,
			"version_minor" : 0
		},
		{
			"class_name" : "PoseGraphEdge",
			"confidence" : 0.9898024845174066,
			"information" : 
			[
				434190.63899951655,
				-1486.6688263100502,
				-34041.873167675432,
				0.0,
				-267512.35585665703,
				-3022.5111787752248,
				-1486.6688263100502,
				434148.21999811847,
				11543.500455945707,
				267512.35585665703,
				0.0,
				-22258.232495749602,
				-34041.873167675432,
				11543.500455945707,
				51577.250401895013,
				3022.5111787752248,
				22258.232495749602,
				0.0,
				0.0,
				267512.35585665703,
				3022.5111787752248,
				178817.0,
				0.0,
				0.0,
				-267512.35585665703,
				0.0,
				22258.232495749602,
				0.0,
				178817.0,
				0.0,
				-3022.5111787752248,
				-22258.232495749602,
				0.0,
				0.0,
				0.0,
				178817.0
			],
			"source_node_id" : 0,
			"target_node_id" : 85,
			"transformation" : 
			[
				0.99048992234279865,
				0.080729598645893658,
				-0.1114111558140822,
				0.0,
				-0.079058264204998119,
				0.99668226053559328,
				0.019345862465982751,
				0.0,
				0.11260330633800003,
				-0.010353909219851744,
				0.99358607677725463,
				0.0,
				0.16064196831939404,
				0.02875291402990553,
				-0.021683419282764037,
				1.0
			],
			"uncertain" : true,
			"version_major" : 1,
			"version_minor" : 0
		},
		{
			"class_name" : "PoseGraphEdge",
			"confidence" : 0.9865531365594048,
			"information" : 
			[
				449056.04902029369,
				-1561.5340465317711,
				-32624.717337053586,
				0.0,
				-275435.98316091299,
				-8113.624898276059,
				-1561.5340465317711,
				451708.32459763851,
				18344.946382550192,
				275435.98316091299,
				0.0,
				-21483.131604163093,
				-32624.717337053586,
				18344.946382550192,
				52387.934099243343,
				8113.624898276059,
				21483.131604163093,
				0.0,
				0.0,
				275435.98316091299,
				8113.624898276059,
				182410.0,
				0.0,
				0.0,
				-275435.98316091299,
				0.0,
				21483.131604163093,
				0.0,
				182410.0,
				0.0,
				-8113.624898276059,
				-21483.131604163093,
				0.0,
				0.0,
				0.0,
				182410.0
			],
			"source_node_id" : 0,
			"target_node_id" : 90,
			"transformation" : 
			[
				0.99342521954242835,
				0.063440866697950182,
				-0.095297374621190034,
				0.0,
				-0.061073305415326219,
				0.99775268389285776,
				0.027561443181486293,
				0.0,
				0.096831733139115209,
				-0.021560107077955956,
				0.99506722247296608,
				0.0,
				0.1530352032390834,
				-0.030126086166977626,
				0.0071031581930909096,
				1.0
			],
			"uncertain" : true,
			"version_major" : 1,
			"version_minor" : 0
		},
		{
			"class_name" : "PoseGraphEdge",
			"confidence" : 0.84437061995500817,
			"information" : 
			[
				458216.56559921667,
				-707.66504917084148,
				-31861.593071157044,
				0.0,
				-278076.60427498817,
				-14710.337908299873,
				-707.66504917084148,
				462971.87405094074,
				28116.442654940944,
				278076.60427498817,
				0.0,
				-21142.162745792652,
				-31861.593071157044,
				28116.442654940944,
				52114.221146337848,
				14710.337908299873,
				21142.162745792652,
				0.0,
				0.0,
				278076.60427498817,
				14710.337908299873,
				181498.0,
				0.0,
				0.0,
				-278076.60427498817,
				0.0,
				21142.162745792652,
				0.0,
				181498.0,
				0.0,
				-14710.337908299873,
				-21142.162745792652,
				0.0,
				0.0,
				0.0,
				181498.0
			],
			"source_node_id" : 0,
			"target_node_id" : 95,
			"transformation" : 
			[
				0.99356496194376231,
				0.057155122875203059,
				-0.09778526640967436,
				0.0,
				-0.053260765776333478,
				0.99769763104919362,
				0.041984852360655141,
				0.0,
				0.099959778044016984,
				-0.036506560067306855,
				0.99432153443714677,
				0.0,
				0.12337598371928193,
				-0.071008412639101695,
				0.041468900325401931,
				1.0
			],
			"uncertain" : true,
			"version_major" : 1,
			"version_minor" : 0
		},
		{
			"class_name" : "PoseGraphEdge",
			"confidence" : 1.0,
			"information" : 
			[
				550710.20719826827,
				-4230.8918133766765,
				24531.827589971159,
				0.0,
				-352334.60739332438,
				-1718.6933947115904,
				-4230.8918133766765,
				563363.58025172621,
				10005.852680710477,
				352334.60739332438,
				0.0,
				10127.527832785505,
				24531.827589971159,
				10005.852680710477,
				77287.972214297944,
				1718.6933947115904,
				-10127.527832785505,
				0.0,
				0.0,
				352334.60739332438,
				1718.6933947115904,
				247543.0,
				0.0,
				0.0,
				-352334.60739332438,
				0.0,
				-10127.527832785505,
				0.0,
				247543.0,
				0.0,
				-1718.6933947115904,
				10127.527832785505,
				0.0,
				0.0,
				0.0,
				247543.0
			],
			"source_node_id" : 1,
			"target_node_id" : 2,
			"transformation" : 
			[
				0.9999968460222628,
				-0.00053071702948544435,
				-0.0024548492747091463,
				0.0,
				0.00052008101916796088,
				0.99999048478785357,
				-0.0043312641903748205,
				0.0,
				0.0024571245919625417,
				0.0043299738091512972,
				0.99998760685598076,
				0.0,
				0.0026969631873215581,
				0.0051366816381752372,
				0.00019791235497034328,
				1.0
			],
			"uncertain" : false,
			"version_major" : 1,
			"version_minor" : 0
		},
		{
			"class_name" : "PoseGraphEdge",
			"confidence" : 1.0,
			"information" : 
			[
				550852.78825110628,
				-4393.263224457748,
				23622.706417429814,
				0.0,
				-351818.39842325449,
				-2356.6171466147644,
				-4393.263224457748,
				563394.66495448735,
				11189.024102548015,
				351818.39842325449,
				0.0,
				9590.3145013162866,
				23622.706417429814,
				11189.024102548015,
				77516.656953746729,
				2356.6171466147644,
				-9590.3145013162866,
				0.0,
				0.0,
				351818.39842325449,
				2356.6171466147644,
				246768.0,
				0.0,
				0.0,
				-351818.39842325449,
				0.0,
				-9590.3145013162866,
				0.0,
				246768.0,
				0.0,
				-2356.6171466147644,
				9590.3145013162866,
				0.0,
				0.0,
				0.0,
				246768.0
			],
			"source_node_id" : 2,
			"target_node_id" : 3,
			"transformation" : 
			[
				0.99998984666488655,
				0.0032824943064379743,
				-0.0030873610519876792,
				0.0,
				-0.0032922390080402163,
				0.99998959861559367,
				-0.0031565523815676373,
				0.0,
				0.0030769675739381027,
				0.003166684662520763,
				0.99999025214188852,
				0.0,
				0.0021443401180803383,
				0.0054585381281532213,
				0.00021159733988074367,
				1.0
			],
			"uncertain" : false,
			"version_major" : 1,
			"version_minor" : 0
		},
		{
			"class_name" : "PoseGraphEdge",
			"confidence" : 1.0,
			"information" : 
			[
				561105.27397727116,
				-4620.6569342073417,
				23776.679262419828,
				0.0,
				-357914.91854608059,
				-3625.1161949977395,
				-4620.6569342073417,
				573339.03248534014,
				13144.977488071445,
				357914.91854608059,
				0.0,
				9767.638968744548,
				23776.679262419828,
				13144.977488071445,
				79478.219851910893,
				3625.1161949977395,
				-9767.638968744548,
				0.0,
				0.0,
				357914.91854608059,
				3625.1161949977395,
				250891.0,
				0.0,
				0.0,
				-357914.91854608059,
				0.0,
				-9767.638968744548,
				0.0,
				250891.0,
				0.0,
				-3625.1161949977395,
				9767.638968744548,
				0.0,
				0.0,
				0.0,
				250891.0
			],
			"source_node_id" : 3,
			"target_node_id" : 4,
			"transformation" : 
			[
				0.99999769334297817,
				0.0012342299242484012,
				-0.0017578353784199203,
				0.0,
				-0.0012297005865218229,
				0.99999592754005451,
				0.0025754106031304993,
				0.0,
				0.0017610068685393642,
				-0.0025732430513456975,
				0.99999513862568745,
				0.0,
				0.0012280495533324169,
				0.0034291327960084212,
				-0.00055743493816714617,
				1.0
			],
			"uncertain" : false,
			"version_major" : 1,
			"version_minor" : 0
		},
		{
			"class_name" : "PoseGraphEdge",
			"confidence" : 1.0,
			"information" : 
			[
				559025.95743857848,
				-4677.0772188747569,
				23754.218670380589,
				0.0,
				-356572.63396567106,
				-3590.2708842469146,
				-4677.0772188747569,
				571406.66487283143,
				13174.796967061349,
				356572.63396567106,
				0.0,
				9805.0672415182926,
				23754.218670380589,
				13174.796967061349,
				79297.651518551618,
				3590.2708842469146,
				-9805.0672415182926,
				0.0,
				0.0,
				356572.63396567106,
				3590.2708842469146,
				249895.0,
				0.0,
				0.0,
				-356572.63396567106,
				0.0,
				-9805.0672415182926,
				0.0,
				249895.0,
				0.0,
				-3590.2708842469146,
				9805.0672415182926,
				0.0,
				0.0,
				0.0,
				249895.0
			],
			"source_node_id" : 4,
			"target_node_id" : 5,
			"transformation" : 
			[
				0.99999475996018916,
				0.0025161596595702587,
				-0.0020369076393629798,
				0.0,
				-0.0025152985662445309,
				0.9999967462351107,
				0.00042519679422692942,
				0.0,
				0.002037970874765432,
				-0.00042007113531393204,
				0.99999783510513396,
				0.0,
				-0.00063884490257668761,
				0.002702942232796636,
				-0.0017187149755739355,
				1.0
			],
			"uncertain" : false,
			"version_major" : 1,
			"version_minor" : 0
		},
		{
			"class_name" : "PoseGraphEdge",
			"confidence" : 1.0,
			"information" : 
			[
				557434.78932485369,
				-4624.6246530558165,
				23376.021268971792,
				0.0,
				-355721.33340799809,
				-3292.9970613462501,
				-4624.6246530558165,
				569964.55448265979,
				12854.257790081256,
				355721.33340799809,
				0.0,
				9664.5979025878478,
				23376.021268971792,
				12854.257790081256,
				78894.069967292482,
				3292.9970613462501,
				-9664.5979025878478,
				0.0,
				0.0,
				355721.33340799809,
				3292.9970613462501,
				249314.0,
				0.0,
				0.0,
				-355721.33340799809,
				0.0,
				-9664.5979025878478,
				0.0,
				249314.0,
				0.0,
				-3292.9970613462501,
				9664.5979025878478,
				0.0,
				0.0,
				0.0,
				249314.0
			],
			"source_node_id" : 5,
			"target_node_id" : 6,
			"transformation" : 
			[
				0.99999626846587153,
				0.0019160100471119124,
				-0.0019472955175733595,
				0.0,
				-0.0019159784342759746,
				0.99999816434783717,
				1.8099588148710551e-05,
				0.0,
				0.0019473266220088783,
				-1.4368544392646585e-05,
				0.99999810385448851,
				0.0,
				7.4466537115958726e-05,
				0.0051130961535906291,
				-0.00098481480207120902,
				1.0
			],
			"uncertain" : false,
			"version_major" : 1,
			"version_minor" : 0
		},
		{
			"class_name" : "PoseGraphEdge",
			"confidence" : 0.99431689526179745,
			"information" : 
			[
				540500.08579143835,
				-4386.8792967720774,
				18875.313128364927,
				0.0,
				-344336.70966494083,
				-1724.0294069389929,
				-4386.8792967720774,
				552563.69328478328,
				10581.611093479412,
				344336.70966494083,
				0.0,
				7058.1559917309787,
				18875.313128364927,
				10581.611093479412,
				74459.191202173999,
				1724.0294069389929,
				-7058.1559917309787,
				0.0,
				0.0,
				344336.70966494083,
				1724.0294069389929,
				240299.0,
				0.0,
				0.0,
				-344336.70966494083,
				0.0,
				-7058.1559917309787,
				0.0,
				240299.0,
				0.0,
				-1724.0294069389929,
				7058.1559917309787,
				0.0,
				0.0,
				0.0,
				240299.0
			],
			"source_node_id" : 5,
			"target_node_id" : 10,
			"transformation" : 
			[
				0.99993270794181011,
				0.004370701015334144,
				-0.010746002084138328,
				0.0,
				-0.0043582036677289448,
				0.99998979953926304,
				0.0011861189711049043,
				0.0,
				0.01075107664135719,
				-0.001139205889021665,
				0.99994155657267969,
				0.0,
				0.0040002666923002715,
				0.023028430417811611,
				-0.002203724347744586,
				1.0
			],
			"uncertain" : true,
			"version_major" : 1,
			"version_minor" : 0
		},
		{
			"class_name" : "PoseGraphEdge",
			"confidence" : 0.99396105332003237,
			"information" : 
			[
				489775.37706280744,
				-3909.340745351567,
				8749.4575020963384,
				0.0,
				-310734.54040592909,
				2658.2714758529328,
				-3909.340745351567,
				502299.27133354807,
				4379.7051371845682,
				310734.54040592909,
				0.0,
				1149.6533017526381,
				8749.4575020963384,
				4379.7051371845682,
				61345.316726558252,
				-2658.2714758529328,
				-1149.6533017526381,
				0.0,
				0.0,
				310734.54040592909,
				-2658.2714758529328,
				213970.0,
				0.0,
				0.0,
				-310734.54040592909,
				0.0,
				-1149.6533017526381,
				0.0,
				213970.0,
				0.0,
				2658.2714758529328,
				1149.6533017526381,
				0.0,
				0.0,
				0.0,
				213970.0
			],
			"source_node_id" : 5,
			"target_node_id" : 15,
			"transformation" : 
			[
				0.9993831332538412,
				0.010418032200197262,
				-0.033538300088286066,
				0.0,
				-0.010936209922389022,
				0.9998230756997194,
				-0.015304137051310909,
				0.0,
				0.033372927355414049,
				0.015661478328291189,
				0.99932025187939744,
				0.0,
				0.014680652818844217,
				0.064125429770755207,
				-0.00089886242328954247,
				1.0
			],
			"uncertain" : true,
			"version_major" : 1,
			"version_minor" : 0
		},
		{
			"class_name" : "PoseGraphEdge",
			"confidence" : 0.86580461875856829,
			"information" : 
			[
				453113.94216309371,
				-3457.7643453670375,
				9204.6199334638786,
				0.0,
				-288190.20952695608,
				6861.971155761159,
				-3457.7643453670375,
				467620.07810510875,
				-2120.4460045814012,
				288190.20952695608,
				0.0,
				1681.211457013851,
				9204.6199334638786,
				-2120.4460045814012,
				54192.076572149519,
				-6861.971155761159,
				-1681.211457013851,
				0.0,
				0.0,
				288190.20952695608,
				-6861.971155761159,
				197583.0,
				0.0,
				0.0,
				-288190.20952695608,
				0.0,
				-1681.211457013851,
				0.0,
				197583.0,
				0.0,
				6861.971155761159,
				1681.211457013851,
				0.0,
				0.0,
				0.0,
				197583.0
			],
			"source_node_id" : 5,
			"target_node_id" : 20,
			"transformation" : 
			[
				0.9987210206909326,
				0.038166991110142101,
				-0.033160271706664676,
				0.0,
				-0.039236447783339477,
				0.99871028204639145,
				-0.032222254734308925,
				0.0,
				0.031887677798905098,
				0.03348213440651187,
				0.99893048941364126,
				0.0,
				0.015939651977291695,
				0.10095277014937558,
				-0.0033286903286893878,
				1.0
			],
			"uncertain" : true,
			"version_major" : 1,
			"version_minor" : 0
		},
		{
			"class_name" : "PoseGraphEdge",
			"confidence" : 0.93887871556465718,
			"information" : 
			[
				411958.65356258216,
				-2912.49096676302,
				11465.567010398385,
				0.0,
				-259347.25800824165,
				13994.99829783506,
				-2912.49096676302,
				427430.27137963171,
				-15220.226135525731,
				259347.25800824165,
				0.0,
				2947.6961915886495,
				11465.567010398385,
				-15220.226135525731,
				47968.872437505714,
				-13994.99829783506,
				-2947.6961915886495,
				0.0,
				0.0,
				259347.25800824165,
				-13994.99829783506,
				174664.0,
				0.0,
				0.0,
				-259347.25800824165,
				0.0,
				-2947.6961915886495,
				0.0,
				174664.0,
				0.0,
				13994.99829783506,
				2947.6961915886495,
				0.0,
				0.0,
				0.0,
				174664.0
			],
			"source_node_id" : 5,
			"target_node_id" : 25,
			"transformation" : 
			[
				0.9988457970142498,
				0.044532941358118402,
				-0.017996969771676946,
				0.0,
				-0.045300294184613794,
				0.99797038316302433,
				-0.044754862040175716,
				0.0,
				0.015967377172087911,
				0.045518473869870527,
				0.9988358781115152,
				0.0,
				0.031158772639447063,
				0.1773542519678758,
				-0.0051895362247910519,
				1.0
			],
			"uncertain" : true,
			"version_major" : 1,
			"version_minor" : 0
		},
		{
			"class_name" : "PoseGraphEdge",
			"confidence" : 0.9620073688580989,
			"information" : 
			[
				353870.26340518671,
				-757.77528057662857,
				-37882.705301969356,
				0.0,
				-218526.26719129086,
				-3019.6754530937178,
				-757.77528057662857,
				356502.37791620078,
				11592.414752590137,
				218526.26719129086,
				0.0,
				-24641.035318962182,
				-37882.705301969356,
				11592.414752590137,
				39959.436449528592,
				3019.6754530937178,
				24641.035318962182,
				0.0,
				0.0,
				218526.26719129086,
				3019.6754530937178,
				145362.0,
				0.0,
				0.0,
				-218526.26719129086,
				0.0,
				24641.035318962182,
				0.0,
				145362.0,
				0.0,
				-3019.6754530937178,
				-24641.035318962182,
				0.0,
				0.0,
				0.0,
				145362.0
			],
			"source_node_id" : 5,
			"target_node_id" : 55,
			"transformation" : 
			[
				0.98302768542600216,
				0.027018575247803638,
				-0.18145678900932807,
				0.0,
				-0.015978848449729889,
				0.99794647968387973,
				0.062028220099994334,
				0.0,
				0.18276007793885851,
				-0.058075987104237482,
				0.98144074382188295,
				0.0,
				0.14262719209292118,
				0.17895106581774989,
				-0.03286434161742869,
				1.0
			],
			"uncertain" : true,
			"version_major" : 1,
			"version_minor" : 0
		},
		{
			"class_name" : "PoseGraphEdge",
			"confidence" : 0.98261128902793704,
			"information" : 
			[
				358480.67413127935,
				-1216.2557082905269,
				-40093.396009017699,
				0.0,
				-221146.15273106098,
				-3443.1621270619798,
				-1216.2557082905269,
				358320.13944649015,
				11821.1821418047,
				221146.15273106098,
				0.0,
				-25984.587347047986,
				-40093.396009017699,
				11821.1821418047,
				42682.805366858825,
				3443.1621270619798,
				25984.587347047986,
				0.0,
				0.0,
				221146.15273106098,
				3443.1621270619798,
				147878.0,
				0.0,
				0.0,
				-221146.15273106098,
				0.0,
				25984.587347047986,
				0.0,
				147878.0,
				0.0,
				-3443.1621270619798,
				-25984.587347047986,
				0.0,
				0.0,
				0.0,
				147878.0
			],
			"source_node_id" : 5,
			"target_node_id" : 60,
			"transformation" : 
			[
				0.98221537216153953,
				0.034451681750859747,
				-0.18456989005280763,
				0.0,
				-0.0191510210875122,
				0.99627753060625523,
				0.084049511601250335,
				0.0,
				0.18677848131108021,
				-0.07902002046089629,
				0.97921889038431353,
				0.0,
				0.15689807553734159,
				0.16221642850860765,
				-0.037276106391690204,
				1.0
			],
			"uncertain" : true,
			"version_major" : 1,
			"version_minor" : 0
		},
		{
			"class_name" : "PoseGraphEdge",
			"confidence" : 0.98516819600255756,
			"information" : 
			[
				365640.76339950255,
				-1029.0554783328814,
				-39262.611828344838,
				0.0,
				-225862.25728726387,
				-3838.8383558613714,
				-1029.0554783328814,
				365551.0966491556,
				12639.004039407751,
				225862.25728726387,
				0.0,
				-25357.769055302721,
				-39262.611828344838,
				12639.004039407751,
				43566.815672837853,
				3838.8383558613714,
				25357.769055302721,
				0.0,
				0.0,
				225862.25728726387,
				3838.8383558613714,
				151293.0,
				0.0,
				0.0,
				-225862.25728726387,
				0.0,
				25357.769055302721,
				0.0,
				151293.0,
				0.0,
				-3838.8383558613714,
				-25357.769055302721,
				0.0,
				0.0,
				0.0,
				151293.0
			],
			"source_node_id" : 5,
			"target_node_id" : 65,
			"transformation" : 
			[
				0.9851477728537873,
				0.053529085882985113,
				-0.16315177781977946,
				0.0,
				-0.041964307646872243,
				0.99641002889335639,
				0.073525853986608228,
				0.0,
				0.16650183940407745,
				-0.065587279904516987,
				0.98385743184151719,
				0.0,
				0.16840983898300682,
				0.15149203423974683,
				-0.041573897252524063,
				1.0
			],
			"uncertain" : true,
			"version_major" : 1,
			"version_minor" : 0
		},
		{
			"class_name" : "PoseGraphEdge",
			"confidence" : 0.98357026019000049,
			"information" : 
			[
				386261.43757005688,
				-1690.5997594946368,
				-34968.755687420489,
				0.0,
				-240167.11850553751,
				-3307.9764274113113,
				-1690.5997594946368,
				386247.93376692774,
				11731.865689873208,
				240167.11850553751,
				0.0,
				-22759.485315767466,
				-34968.755687420489,
				11731.865689873208,
				46654.286427687606,
				3307.9764274113113,
				22759.485315767466,
				0.0,
				0.0,
				240167.11850553751,
				3307.9764274113113,
				162146.0,
				0.0,
				0.0,
				-240167.11850553751,
				0.0,
				22759.485315767466,
				0.0,
				162146.0,
				0.0,
				-3307.9764274113113,
				-22759.485315767466,
				0.0,
				0.0,
				0.0,
				162146.0
			],
			"source_node_id" : 5,
			"target_node_id" : 70,
			"transformation" : 
			[
				0.99141502566363715,
				0.061939345315442478,
				-0.1151510503220167,
				0.0,
				-0.055165899090387611,
				0.99660543399337964,
				0.061109185172256282,
				0.0,
				0.11854522540329661,
				-0.054232153163620123,
				0.99146654159246284,
				0.0,
				0.1842525963121257,
				0.11732529885782018,
				-0.040520459597071914,
				1.0
			],
			"uncertain" : true,
			"version_major" : 1,
			"version_minor" : 0
		},
		{
			"class_name" : "PoseGraphEdge",
			"confidence" : 0.99762448495542222,
			"information" : 
			[
				396051.3608530307,
				-1548.0859515876116,
				-32000.957980962212,
				0.0,
				-246205.58659702539,
				-3361.2360881961649,
				-1548.0859515876116,
				396173.62527072581,
				12587.896088385374,
				246205.58659702539,
				0.0,
				-20863.606807115546,
				-32000.957980962212,
				12587.896088385374,
				47223.513812099824,
				3361.2360881961649,
				20863.606807115546,
				0.0,
				0.0,
				246205.58659702539,
				3361.2360881961649,
				166211.0,
				0.0,
				0.0,
				-246205.58659702539,
				0.0,
				20863.606807115546,
				0.0,
				166211.0,
				0.0,
				-3361.2360881961649,
				-20863.606807115546,
				0.0,
				0.0,
				0.0,
				166211.0
			],
			"source_node_id" : 5,
			"target_node_id" : 75,
			"transformation" : 
			[
				0.99143729050313845,
				0.066359348380765237,
				-0.11246570980647834,
				0.0,
				-0.063041548476021433,
				0.99747149047559469,
				0.032808365612159739,
				0.0,
				0.1143584809515244,
				-0.025437424611700905,
				0.99311382794903402,
				0.0,
				0.17344096969322181,
				0.08655653087274498,
				-0.04256413903168093,
				1.0
			],
			"uncertain" : true,
			"version_major" : 1,
			"version_minor" : 0
		},
		{
			"class_name" : "PoseGraphEdge",
			"confidence" : 0.949742728582045,
			"information" : 
			[
				396872.9935260365,
				-2198.8138478457972,
				-34695.683466275914,
				0.0,
				-247388.00707006454,
				-4074.497513593873,
				-2198.8138478457972,
				398109.64092062099,
				12305.934609495847,
				247388.00707006454,
				0.0,
				-22646.880237482255,
				-34695.683466275914,
				12305.934609495847,
				47590.702936263777,
				4074.497513593873,
				22646.880237482255,
				0.0,
				0.0,
				247388.00707006454,
				4074.497513593873,
				167078.0,
				0.0,
				0.0,
				-247388.00707006454,
				0.0,
				22646.880237482255,
				0.0,
				167078.0,
				0.0,
				-4074.497513593873,
				-22646.880237482255,
				0.0,
				0.0,
				0.0,
				167078.0
			],
			"source_node_id" : 5,
			"target_node_id" : 80,
			"transformation" : 
			[
				0.99250678972018869,
				0.057363126762649118,
				-0.1078876454805546,
				0.0,
				-0.052119681079565043,
				0.99734739660071547,
				0.050810523889633301,
				0.0,
				0.11051611286816948,
				-0.044806720274829397,
				0.99286381070856045,
				0.0,
				0.1786005915640731,
				0.038044550125661221,
				-0.03426969911127567,
				1.0
			],
			"uncertain" : true,
			"version_major" : 1,
			"version_minor" : 0
		},
		{
			"class_name" : "PoseGraphEdge",
			"confidence" : 0.98989824161530682,
			"information" : 
			[
				434041.58576914459,
				-1758.849912578967,
				-33000.626385617215,
				0.0,
				-268012.48201912642,
				-4632.8260046707001,
				-1758.849912578967,
				434904.18110232701,
				14136.035199915905,
				268012.48201912642,
				0.0,
				-21572.304772141622,
				-33000.626385617215,
				14136.035199915905,
				51866.749821266014,
				4632.8260046707001,
				21572.304772141622,
				0.0,
				0.0,
				268012.48201912642,
				4632.8260046707001,
				179520.0,
				0.0,
				0.0,
				-268012.48201912642,
				0.0,
				21572.304772141622,
				0.0,
				179520.0,
				0.0,
				-4632.8260046707001,
				-21572.304772141622,
				0.0,
				0.0,
				0.0,
				179520.0
			],
			"source_node_id" : 5,
			"target_node_id" : 85,
			"transformation" : 
			[
				0.99212761366953173,
				0.073289988376819312,
				-0.10154494471969806,
				0.0,
				-0.071804167741529354,
				0.99725239899288365,
				0.018215767836786918,
				0.0,
				0.10260097314035088,
				-0.010781016031112065,
				0.99466416945820979,
				0.0,
				0.15834706653347755,
				0.0028964822101556725,
				-0.021029407733078792,
				1.0
			],
			"uncertain" : true,
			"version_major" : 1,
			"version_minor" : 0
		},
		{
			"class_name" : "PoseGraphEdge",
			"confidence" : 0.97845781460671799,
			"information" : 
			[
				438296.30604552838,
				-1396.1693354506156,
				-30258.204489417796,
				0.0,
				-269664.26536738873,
				-11066.880744003807,
				-1396.1693354506156,
				441931.23761277588,
				22963.350436637134,
				269664.26536738873,
				0.0,
				-19938.811650291434,
				-30258.204489417796,
				22963.350436637134,
				51125.420361031858,
				11066.880744003807,
				19938.811650291434,
				0.0,
				0.0,
				269664.26536738873,
				11066.880744003807,
				179044.0,
				0.0,
				0.0,
				-269664.26536738873,
				0.0,
				19938.811650291434,
				0.0,
				179044.0,
				0.0,
				-11066.880744003807,
				-19938.811650291434,
				0.0,
				0.0,
				0.0,
				179044.0
			],
			"source_node_id" : 5,
			"target_node_id" : 90,
			"transformation" : 
			[
				0.99463080002811211,
				0.055226831414616574,
				-0.08751896210159299,
				0.0,
				-0.053089512442646869,
				0.99823633951412516,
				0.026565280763494827,
				0.0,
				0.088831724648577373,
				-0.021776307431306364,
				0.99580857454162219,
				0.0,
				0.14716711632450788,
				-0.05611823897252758,
				0.0065556629168994169,
				1.0
			],
			"uncertain" : true,
			"version_major" : 1,
			"version_minor" : 0
		},
		{
			"class_name" : "PoseGraphEdge",
			"confidence" : 0.92947034765175662,
			"information" : 
			[
				445231.7756238248,
				-586.53839794527448,
				-29613.98442688943,
				0.0,
				-271031.07508611679,
				-17243.46351827844,
				-586.53839794527448,
				450732.58876689279,
				32069.049000659681,
				271031.07508611679,
				0.0,
				-19727.343678818201,
				-29613.98442688943,
				32069.049000659681,
				50897.26055087016,
				17243.46351827844,
				19727.343678818201,
				0.0,
				0.0,
				271031.07508611679,
				17243.46351827844,
				177428.0,
				0.0,
				0.0,
				-271031.07508611679,
				0.0,
				19727.343678818201,
				0.0,
				177428.0,
				0.0,
				-17243.46351827844,
				-19727.343678818201,
				0.0,
				0.0,
				0.0,
				177428.0
			],
			"source_node_id" : 5,
			"target_node_id" : 95,
			"transformation" : 
			[
				0.99520371155452847,
				0.048273629575370201,
				-0.085083659980698251,
				0.0,
				-0.045053380891304527,
				0.99820844269635145,
				0.039371281411551225,
				0.0,
				0.086831822383007781,
				-0.035349138848696858,
				0.99559563729674005,
				0.0,
				0.12537795318433759,
				-0.098796795794639666,
				0.041669934078085752,
				1.0
			],
			"uncertain" : true,
			"version_major" : 1,
			"version_minor" : 0
		},
		{
			"class_name" : "PoseGraphEdge",
			"confidence" : 1.0,
			"information" : 
			[
				559325.01417703787,
				-4478.6750818810369,
				22742.179591494336,
				0.0,
				-356664.56913012266,
				-3455.1241265984136,
				-4478.6750818810369,
				571807.68298493384,
				13209.396674833331,
				356664.56913012266,
				0.0,
				9323.6343936128542,
				22742.179591494336,
				13209.396674833331,
				78659.930303109111,
				3455.1241265984136,
				-9323.6343936128542,
				0.0,
				0.0,
				356664.56913012266,
				3455.1241265984136,
				249670.0,
				0.0,
				0.0,
				-356664.56913012266,
				0.0,
				-9323.6343936128542,
				0.0,
				249670.0,
				0.0,
				-3455.1241265984136,
				9323.6343936128542,
				0.0,
				0.0,
				0.0,
				249670.0
			],
			"source_node_id" : 6,
			"target_node_id" : 7,
			"transformation" : 
			[
				0.99999698143898408,
				0.0019327395748043722,
				-0.0015171126042696677,
				0.0,
				-0.0019365928013991664,
				0.99999489264929897,
				-0.0025424955532151287,
				0.0,
				0.0015121908740690772,
				0.0025454259078855146,
				0.99999561703324902,
				0.0,
				0.001563722736355682,
				0.0028267584547842246,
				0.00024532281788769178,
				1.0
			],
			"uncertain" : false,
			"version_major" : 1,
			"version_minor" : 0
		},
		{
			"class_name" : "PoseGraphEdge",
			"confidence" : 1.0,
			"information" : 
			[
				561204.39711852954,
				-4578.0033071669122,
				22365.047798337182,
				0.0,
				-357572.17006373405,
				-3819.3515488476842,
				-4578.0033071669122,
				573475.58335518918,
				13757.419310266761,
				357572.17006373405,
				0.0,
				9076.5971137287561,
				22365.047798337182,
				13757.419310266761,
				79335.059772293869,
				3819.3515488476842,
				-9076.5971137287561,
