{
	"class_name" : "PoseGraph",
	"edges" : 
	[
		{
			"class_name" : "PoseGraphEdge",
			"confidence" : 1.0,
			"information" : 
			[
				705547.24924213451,
				-12116.343260878271,
				-17349.751457125567,
				0.0,
				-395816.57109504938,
				-13982.59803982533,
				-12116.343260878271,
				731295.39740625431,
				44387.222253434375,
				395816.57109504938,
				0.0,
				-2544.1470569341909,
				-17349.751457125567,
				44387.222253434375,
				112628.444059307,
				13982.59803982533,
				2544.1470569341909,
				0.0,
				0.0,
				395816.57109504938,
				13982.59803982533,
				252309.0,
				0.0,
				0.0,
				-395816.57109504938,
				0.0,
				2544.1470569341909,
				0.0,
				252309.0,
				0.0,
				-13982.59803982533,
				-2544.1470569341909,
				0.0,
				0.0,
				0.0,
				252309.0
			],
			"source_node_id" : 0,
			"target_node_id" : 1,
			"transformation" : 
			[
				0.9999909752911208,
				-0.0036266897370014297,
				0.0022127941304798102,
				0.0,
				0.0036162600453543076,
				0.99998241949901079,
				0.0046992931585981947,
				0.0,
				-0.0022297981067198633,
				-0.0046912487098428558,
				0.99998651000198246,
				0.0,
				0.0027645810075267088,
				0.0029684718822583465,
				-0.0038239558358987022,
				1.0
			],
			"uncertain" : false,
			"version_major" : 1,
			"version_minor" : 0
		},
		{
			"class_name" : "PoseGraphEdge",
			"confidence" : 1.0,
			"information" : 
			[
				628122.938110749,
				-10138.915229233222,
				-19219.044044764167,
				0.0,
				-360321.7218439579,
				-12584.639379424741,
				-10138.915229233222,
				650646.31091625791,
				37497.019469905921,
				360321.7218439579,
				0.0,
				-3276.0399426596705,
				-19219.044044764167,
				37497.019469905921,
				96864.906508434462,
				12584.639379424741,
				3276.0399426596705,
				0.0,
				0.0,
				360321.7218439579,
				12584.639379424741,
				234228.0,
				0.0,
				0.0,
				-360321.7218439579,
				0.0,
				3276.0399426596705,
				0.0,
				234228.0,
				0.0,
				-12584.639379424741,
				-3276.0399426596705,
				0.0,
				0.0,
				0.0,
				234228.0
			],
			"source_node_id" : 0,
			"target_node_id" : 5,
			"transformation" : 
			[
				0.99944138563927964,
				-0.016495873044758989,
				0.029065492322141895,
				0.0,
				0.01541748005165487,
				0.99919841628180628,
				0.036943554360485298,
				0.0,
				-0.029651610079287877,
				-0.036474800512415216,
				0.99889457449086427,
				0.0,
				0.025357611926289769,
				0.022213459328741383,
				-0.024481667968022026,
				1.0
			],
			"uncertain" : true,
			"version_major" : 1,
			"version_minor" : 0
		},
		{
			"class_name" : "PoseGraphEdge",
			"confidence" : 1.0,
			"information" : 
			[
				555617.98704998998,
				-9215.147021512932,
				-23283.760639113094,
				0.0,
				-326855.53792989254,
				-11623.345758917741,
				-9215.147021512932,
				578400.67371848121,
				32521.116925796112,
				326855.53792989254,
				0.0,
				-6748.7494110617554,
				-23283.760639113094,
				32521.116925796112,
				86623.292351652126,
				11623.345758917741,
				6748.7494110617554,
				0.0,
				0.0,
				326855.53792989254,
				11623.345758917741,
				216820.0,
				0.0,
				0.0,
				-326855.53792989254,
				0.0,
				6748.7494110617554,
				0.0,
				216820.0,
				0.0,
				-11623.345758917741,
				-6748.7494110617554,
				0.0,
				0.0,
				0.0,
				216820.0
			],
			"source_node_id" : 0,
			"target_node_id" : 10,
			"transformation" : 
			[
				0.99816807186825762,
				-0.044418763339114653,
				0.041078872504361257,
				0.0,
				0.041416405332513062,
				0.99659785394155243,
				0.071255869150731732,
				0.0,
				-0.044104213768513763,
				-0.069423994285239682,
				0.99661182380370328,
				0.0,
				0.069189736345580649,
				0.057354865662487466,
				-0.052918681056766698,
				1.0
			],
			"uncertain" : true,
			"version_major" : 1,
			"version_minor" : 0
		},
		{
			"class_name" : "PoseGraphEdge",
			"confidence" : 1.0,
			"information" : 
			[
				527547.65900583786,
				-9910.2468374959662,
				-25939.705064213362,
				0.0,
				-310353.29037034512,
				-10930.176701079938,
				-9910.2468374959662,
				547317.45671708614,
				30404.700102016304,
				310353.29037034512,
				0.0,
				-10588.236141898728,
				-25939.705064213362,
				30404.700102016304,
				85068.512185400046,
				10930.176701079938,
				10588.236141898728,
				0.0,
				0.0,
				310353.29037034512,
				10930.176701079938,
				204922.0,
				0.0,
				0.0,
				-310353.29037034512,
				0.0,
				10588.236141898728,
				0.0,
				204922.0,
				0.0,
				-10930.176701079938,
				-10588.236141898728,
				0.0,
				0.0,
				0.0,
				204922.0
			],
			"source_node_id" : 0,
			"target_node_id" : 15,
			"transformation" : 
			[
				0.99989131485514859,
				0.0022279716596543468,
				0.014573764768440684,
				0.0,
				-0.003220860861747291,
				0.99764838722080307,
				0.068464016322734619,
				0.0,
				-0.014386957028897057,
				-0.068503515369754603,
				0.99754713364804681,
				0.0,
				0.10053607506622561,
				0.10558653621191771,
				-0.080628975693261495,
				1.0
			],
			"uncertain" : true,
			"version_major" : 1,
			"version_minor" : 0
		},
		{
			"class_name" : "PoseGraphEdge",
			"confidence" : 1.0,
			"information" : 
			[
				508945.50189913524,
				-9225.6719689923229,
				-26425.429413909671,
				0.0,
				-295973.34994214773,
				-10134.973755878978,
				-9225.6719689923229,
				528779.75113994442,
				28061.378350893578,
				295973.34994214773,
				0.0,
				-11339.757497576182,
				-26425.429413909671,
				28061.378350893578,
				83305.672292921852,
				10134.973755878978,
				11339.757497576182,
				0.0,
				0.0,
				295973.34994214773,
				10134.973755878978,
				191704.0,
				0.0,
				0.0,
				-295973.34994214773,
				0.0,
				11339.757497576182,
				0.0,
				191704.0,
				0.0,
				-10134.973755878978,
				-11339.757497576182,
				0.0,
				0.0,
				0.0,
				191704.0
			],
			"source_node_id" : 0,
			"target_node_id" : 20,
			"transformation" : 
			[
				0.99939359973628161,
				0.0069833252996181179,
				0.034112548628295325,
				0.0,
				-0.0090727207893383181,
				0.99806680065064868,
				0.061484527943685863,
				0.0,
				-0.033617235811958086,
				-0.061756737338843563,
				0.99752493044014878,
				0.0,
				0.14182648734983266,
				0.15669450593926393,
				-0.09755909651401122,
				1.0
			],
			"uncertain" : true,
			"version_major" : 1,
			"version_minor" : 0
		},
		{
			"class_name" : "PoseGraphEdge",
			"confidence" : 1.0,
			"information" : 
			[
				517611.52775914437,
				-9613.3579214292258,
				-27138.705540316809,
				0.0,
				-297388.00863683224,
				-9007.8661061994499,
				-9613.3579214292258,
				537745.9688019742,
				25381.026509644835,
				297388.00863683224,
				0.0,
				-11495.139095222286,
				-27138.705540316809,
				25381.026509644835,
				84266.449778886061,
				9007.8661061994499,
				11495.139095222286,
				0.0,
				0.0,
				297388.00863683224,
				9007.8661061994499,
				189088.0,
				0.0,
				0.0,
				-297388.00863683224,
				0.0,
				11495.139095222286,
				0.0,
				189088.0,
				0.0,
				-9007.8661061994499,
				-11495.139095222286,
				0.0,
				0.0,
				0.0,
				189088.0
			],
			"source_node_id" : 0,
			"target_node_id" : 25,
			"transformation" : 
			[
				0.99687186901962532,
				-0.02080350375059007,
				0.076247563823499551,
				0.0,
				0.01612465266981784,
				0.99797843396205033,
				0.061473904406108219,
				0.0,
				-0.07737229693887393,
				-0.060052140497677105,
				0.99519207597732107,
				0.0,
				0.1924418972943775,
				0.18555368883105844,
				-0.095180550449398521,
				1.0
			],
			"uncertain" : true,
			"version_major" : 1,
			"version_minor" : 0
		},
		{
			"class_name" : "PoseGraphEdge",
			"confidence" : 1.0,
			"information" : 
			[
				506313.93661398609,
				-9133.4751633702726,
				-28161.24674072961,
				0.0,
				-288459.79330211878,
				-2868.9358335681027,
				-9133.4751633702726,
				528409.86089222122,
				13544.552910041819,
				288459.79330211878,
				0.0,
				-11920.945464540622,
				-28161.24674072961,
				13544.552910041819,
				80614.331582950806,
				2868.9358335681027,
				11920.945464540622,
				0.0,
				0.0,
				288459.79330211878,
				2868.9358335681027,
				179829.0,
				0.0,
				0.0,
				-288459.79330211878,
				0.0,
				11920.945464540622,
				0.0,
				179829.0,
				0.0,
				-2868.9358335681027,
				-11920.945464540622,
				0.0,
				0.0,
				0.0,
				179829.0
			],
			"source_node_id" : 0,
			"target_node_id" : 30,
			"transformation" : 
			[
				0.99169098868339667,
				-0.057300023301996697,
				0.11517677844833768,
				0.0,
				0.050449162058655676,
				0.99682864156765816,
				0.061543004459939918,
				0.0,
				-0.11833792719042537,
				-0.055221070978090064,
				0.991436719265686,
				0.0,
				0.23646418876895328,
				0.2289659629290785,
				-0.088918568914408844,
				1.0
			],
			"uncertain" : true,
			"version_major" : 1,
			"version_minor" : 0
		},
		{
			"class_name" : "PoseGraphEdge",
			"confidence" : 1.0,
			"information" : 
			[
				473491.92656253622,
				-8405.6249715028553,
				-17613.826922775283,
				0.0,
				-267007.80043017864,
				4174.9429779353086,
				-8405.6249715028553,
				492007.17511553783,
				301.73324046937853,
				267007.80043017864,
				0.0,
				-5653.4464644786203,
				-17613.826922775283,
				301.73324046937853,
				68934.07684916626,
				-4174.9429779353086,
				5653.4464644786203,
				0.0,
				0.0,
				267007.80043017864,
				-4174.9429779353086,
				163420.0,
				0.0,
				0.0,
				-267007.80043017864,
				0.0,
				5653.4464644786203,
				0.0,
				163420.0,
				0.0,
				4174.9429779353086,
				-5653.4464644786203,
				0.0,
				0.0,
				0.0,
				163420.0
			],
			"source_node_id" : 0,
			"target_node_id" : 35,
			"transformation" : 
			[
				0.98584664163548852,
				-0.048959584170713416,
				0.16034138047883717,
				0.0,
				0.042569338583470222,
				0.99816552916617918,
				0.043051455224742699,
				0.0,
				-0.16215502023864156,
				-0.03561650603628886,
				0.98612231184025678,
				0.0,
				0.24958463940729517,
				0.26360117657293131,
				-0.081074651751132404,
				1.0
			],
			"uncertain" : true,
			"version_major" : 1,
			"version_minor" : 0
		},
		{
			"class_name" : "PoseGraphEdge",
			"confidence" : 1.0,
			"information" : 
			[
				449606.58539506426,
				-7410.698191544062,
				-7130.2766752055331,
				0.0,
				-250338.0491926074,
				7201.6421099434374,
				-7410.698191544062,
				461574.99197197607,
				-6170.0594097891435,
				250338.0491926074,
				0.0,
				759.90751717623789,
				-7130.2766752055331,
				-6170.0594097891435,
				59027.584667553747,
				-7201.6421099434374,
				-759.90751717623789,
				0.0,
				0.0,
				250338.0491926074,
				-7201.6421099434374,
				151008.0,
				0.0,
				0.0,
				-250338.0491926074,
				0.0,
				-759.90751717623789,
				0.0,
				151008.0,
				0.0,
				7201.6421099434374,
				759.90751717623789,
				0.0,
				0.0,
				0.0,
				151008.0
			],
			"source_node_id" : 0,
			"target_node_id" : 40,
			"transformation" : 
			[
				0.97287008865225233,
				-0.052140490239339157,
				0.22539999974125927,
				0.0,
				0.045284824732531613,
				0.99834374708480766,
				0.035483056599032121,
				0.0,
				-0.22687678430086719,
				-0.024313204936157851,
				0.97361994269377528,
				0.0,
				0.27457855692208882,
				0.26754606436200234,
				-0.061480975061487975,
				1.0
			],
			"uncertain" : true,
			"version_major" : 1,
			"version_minor" : 0
		},
		{
			"class_name" : "PoseGraphEdge",
			"confidence" : 1.0,
			"information" : 
			[
				436233.0906933989,
				-7604.6304397999947,
				-13537.409463059545,
				0.0,
				-246005.36701023579,
				6468.7905411260435,
				-7604.6304397999947,
				448968.92572205589,
				-4869.9066879928114,
				246005.36701023579,
				0.0,
				-3147.2440411490388,
				-13537.409463059545,
				-4869.9066879928114,
				58956.186055922379,
				-6468.7905411260435,
				3147.2440411490388,
				0.0,
				0.0,
				246005.36701023579,
				-6468.7905411260435,
				150454.0,
				0.0,
				0.0,
				-246005.36701023579,
				0.0,
				3147.2440411490388,
				0.0,
				150454.0,
				0.0,
				6468.7905411260435,
				-3147.2440411490388,
				0.0,
				0.0,
				0.0,
				150454.0
			],
			"source_node_id" : 0,
			"target_node_id" : 45,
			"transformation" : 
			[
				0.96862634936927416,
				-0.06284885707939776,
				0.24044337477120692,
				0.0,
				0.055421368285012533,
				0.99775724188230897,
				0.037536092082478378,
				0.0,
				-0.24226321892720493,
				-0.023032747018553696,
				0.96993712441570623,
				0.0,
				0.33337735947702835,
				0.26435478758006087,
				-0.07905472197839121,
				1.0
			],
			"uncertain" : true,
			"version_major" : 1,
			"version_minor" : 0
		},
		{
			"class_name" : "PoseGraphEdge",
			"confidence" : 1.0,
			"information" : 
			[
				437998.61515201005,
				-8131.7441618241483,
				-24567.392174257788,
				0.0,
				-250222.50819283724,
				4427.9922841514926,
				-8131.7441618241483,
				456937.73197368439,
				-914.42884949191478,
				250222.50819283724,
				0.0,
				-9569.8220787722967,
				-24567.392174257788,
				-914.42884949191478,
				64946.029005136072,
				-4427.9922841514926,
				9569.8220787722967,
				0.0,
				0.0,
				250222.50819283724,
				-4427.9922841514926,
				155069.0,
				0.0,
				0.0,
				-250222.50819283724,
				0.0,
				9569.8220787722967,
				0.0,
				155069.0,
				0.0,
				4427.9922841514926,
				-9569.8220787722967,
				0.0,
				0.0,
				0.0,
				155069.0
			],
			"source_node_id" : 0,
			"target_node_id" : 50,
			"transformation" : 
			[
				0.97604094721409629,
				-0.039057475441975513,
				0.21405275745364297,
				0.0,
				0.031193284623400465,
				0.99871281655639788,
				0.039996112816014825,
				0.0,
				-0.21533937948227722,
				-0.032360835250149732,
				0.97600293441469743,
				0.0,
				0.38296760187871431,
				0.28304793015703139,
				-0.094602497075965977,
				1.0
			],
			"uncertain" : true,
			"version_major" : 1,
			"version_minor" : 0
		},
		{
			"class_name" : "PoseGraphEdge",
			"confidence" : 1.0,
			"information" : 
			[
				433429.73489465297,
				-7813.7247552402714,
				-23651.619397545324,
				0.0,
				-244853.86381828785,
				7357.8712153210072,
				-7813.7247552402714,
				451286.06595543318,
				-6427.0289890742242,
				244853.86381828785,
				0.0,
				-8670.4173169729766,
				-23651.619397545324,
				-6427.0289890742242,
				61663.907240250199,
				-7357.8712153210072,
				8670.4173169729766,
				0.0,
				0.0,
				244853.86381828785,
				-7357.8712153210072,
				149612.0,
				0.0,
				0.0,
				-244853.86381828785,
				0.0,
				8670.4173169729766,
				0.0,
				149612.0,
				0.0,
				7357.8712153210072,
				-8670.4173169729766,
				0.0,
				0.0,
				0.0,
				149612.0
			],
			"source_node_id" : 0,
			"target_node_id" : 55,
			"transformation" : 
			[
				0.96735595129258145,
				-0.057205455761103557,
				0.24688053655561668,
				0.0,
				0.0503391792357962,
				0.99815191265938785,
				0.034040068864125403,
				0.0,
				-0.24837155741487613,
				-0.020501099618618412,
				0.96844786869595423,
				0.0,
				0.42890424329194743,
				0.28952191773799363,
				-0.071754341546175285,
				1.0
			],
			"uncertain" : true,
			"version_major" : 1,
			"version_minor" : 0
		},
		{
			"class_name" : "PoseGraphEdge",
			"confidence" : 1.0,
			"information" : 
			[
				435238.52268183028,
				-7708.367202067845,
				-22484.030003951077,
				0.0,
				-241653.40208303928,
				10407.509359087679,
				-7708.367202067845,
				450760.34452372725,
				-12301.947255098503,
				241653.40208303928,
				0.0,
				-7517.436848483514,
				-22484.030003951077,
				-12301.947255098503,
				58334.362057647195,
				-10407.509359087679,
				7517.436848483514,
				0.0,
				0.0,
				241653.40208303928,
				-10407.509359087679,
				144994.0,
				0.0,
				0.0,
				-241653.40208303928,
				0.0,
				7517.436848483514,
				0.0,
				144994.0,
				0.0,
				10407.509359087679,
				-7517.436848483514,
				0.0,
				0.0,
				0.0,
				144994.0
			],
			"source_node_id" : 0,
			"target_node_id" : 60,
			"transformation" : 
			[
				0.9487557167532723,
				-0.096838140044320689,
				0.30080718834619097,
				0.0,
				0.09274004433456158,
				0.99529913299687711,
				0.027909138870423546,
				0.0,
				-0.30209580285864229,
				0.0014179169304054892,
				0.95327651571134941,
				0.0,
				0.5016212207569436,
				0.26919256973292133,
				-0.029467283551668062,
				1.0
			],
			"uncertain" : true,
			"version_major" : 1,
			"version_minor" : 0
		},
		{
			"class_name" : "PoseGraphEdge",
			"confidence" : 1.0,
			"information" : 
			[
				451657.69839734881,
				-8327.2443635565942,
				-27653.294544091899,
				0.0,
				-247584.82041811943,
				10344.5197318719,
				-8327.2443635565942,
				468225.99355399376,
				-12397.114469619642,
				247584.82041811943,
				0.0,
				-9747.6498137895251,
				-27653.294544091899,
				-12397.114469619642,
				61509.728155341356,
				-10344.5197318719,
				9747.6498137895251,
				0.0,
				0.0,
				247584.82041811943,
				-10344.5197318719,
				146874.0,
				0.0,
				0.0,
				-247584.82041811943,
				0.0,
				9747.6498137895251,
				0.0,
				146874.0,
				0.0,
				10344.5197318719,
				-9747.6498137895251,
				0.0,
				0.0,
				0.0,
				146874.0
			],
			"source_node_id" : 0,
			"target_node_id" : 65,
			"transformation" : 
			[
				0.93977021384162662,
				-0.11836920939289276,
				0.32065663168530301,
				0.0,
				0.11007018911464626,
				0.99295145159399401,
				0.043954160731903523,
				0.0,
				-0.32359928715052577,
				-0.0060120749397833779,
				0.94617511926206888,
				0.0,
				0.56845631936754026,
				0.27516669719984721,
				0.0044531375126399932,
				1.0
			],
			"uncertain" : true,
			"version_major" : 1,
			"version_minor" : 0
		},
		{
			"class_name" : "PoseGraphEdge",
			"confidence" : 1.0,
			"information" : 
			[
				112667.57454753308,
				-1006.6525272489109,
				29980.744878864258,
				0.0,
				-70542.008346796036,
				234.8024312100606,
				-1006.6525272489109,
				123402.48245130636,
				2475.2679064560953,
				70542.008346796036,
				0.0,
				19952.289094362408,
				29980.744878864258,
				2475.2679064560953,
				18508.003302409317,
				-234.8024312100606,
				-19952.289094362408,
				0.0,
				0.0,
				70542.008346796036,
				-234.8024312100606,
				46935.0,
				0.0,
				0.0,
				-70542.008346796036,
				0.0,
				-19952.289094362408,
				0.0,
				46935.0,
				0.0,
				234.8024312100606,
				19952.289094362408,
				0.0,
				0.0,
				0.0,
				46935.0
			],
			"source_node_id" : 0,
			"target_node_id" : 70,
			"transformation" : 
			[
				0.99409574422579006,
				0.011043091887358591,
				0.10794304717646318,
				0.0,
				-0.012011073539802528,
				0.99989323797529572,
				0.0083214640357763651,
				0.0,
				-0.10783962826620934,
				-0.0095688438614400326,
				0.99412225194015347,
				0.0,
				0.080041057269729154,
				0.36036191642596477,
				-0.24432816329442394,
				1.0
			],
			"uncertain" : true,
			"version_major" : 1,
			"version_minor" : 0
		},
		{
			"class_name" : "PoseGraphEdge",
			"confidence" : 1.0,
			"information" : 
			[
				480537.20307099412,
				-9514.8277302870465,
				-37150.60175444479,
				0.0,
				-259709.11168140173,
				9624.1593005006434,
				-9514.8277302870465,
				500043.54328549787,
				-11106.769473589711,
				259709.11168140173,
				0.0,
				-13688.357633876032,
				-37150.60175444479,
				-11106.769473589711,
				67090.834960785884,
				-9624.1593005006434,
				13688.357633876032,
				0.0,
				0.0,
				259709.11168140173,
				-9624.1593005006434,
				152377.0,
				0.0,
				0.0,
				-259709.11168140173,
				0.0,
				13688.357633876032,
				0.0,
				152377.0,
				0.0,
				9624.1593005006434,
				-13688.357633876032,
				0.0,
				0.0,
				0.0,
				152377.0
			],
			"source_node_id" : 0,
			"target_node_id" : 75,
			"transformation" : 
			[
				0.92869665158409731,
				-0.12712584604895358,
				0.3483698445658357,
				0.0,
				0.11257862681104371,
				0.99172043459415982,
				0.061778899259460153,
				0.0,
				-0.35333918848866241,
				-0.018154858157213544,
				0.93531910009550434,
				0.0,
				0.67222720495667776,
				0.27767243574276351,
				0.062365162824206545,
				1.0
			],
			"uncertain" : true,
			"version_major" : 1,
			"version_minor" : 0
		},
		{
			"class_name" : "PoseGraphEdge",
			"confidence" : 1.0,
			"information" : 
			[
				483820.67546136974,
				-9884.3476039635498,
				-41141.16532026873,
				0.0,
				-262318.19639408588,
				7123.8731917655095,
				-9884.3476039635498,
				504115.38928806823,
				-6658.7597557427298,
				262318.19639408588,
				0.0,
				-15924.334245097358,
				-41141.16532026873,
				-6658.7597557427298,
				68592.40968242535,
				-7123.8731917655095,
				15924.334245097358,
				0.0,
				0.0,
				262318.19639408588,
				-7123.8731917655095,
				154649.0,
				0.0,
				0.0,
				-262318.19639408588,
				0.0,
				15924.334245097358,
				0.0,
				154649.0,
				0.0,
				7123.8731917655095,
				-15924.334245097358,
				0.0,
				0.0,
				0.0,
				154649.0
			],
			"source_node_id" : 0,
			"target_node_id" : 80,
			"transformation" : 
			[
				0.9299136364241205,
				-0.11505175250628202,
				0.34931894171043887,
				0.0,
				0.098881918537549532,
				0.99304927344718452,
				0.063839695271456651,
				0.0,
				-0.35423579008733863,
				-0.02482407604025336,
				0.93482659903853094,
				0.0,
				0.70431430667546391,
				0.27188725124204149,
				0.072746270897250193,
				1.0
			],
			"uncertain" : true,
			"version_major" : 1,
			"version_minor" : 0
		},
		{
			"class_name" : "PoseGraphEdge",
			"confidence" : 1.0,
			"information" : 
			[
				479681.33649507322,
				-10123.999707085455,
				-52003.898293964776,
				0.0,
				-262452.25938570499,
				5278.7453514019726,
				-10123.999707085455,
				503954.90685395262,
				-3576.5754852090381,
				262452.25938570499,
				0.0,
				-22372.334771852766,
				-52003.898293964776,
				-3576.5754852090381,
				72715.030669959102,
				-5278.7453514019726,
				22372.334771852766,
				0.0,
				0.0,
				262452.25938570499,
				-5278.7453514019726,
				156090.0,
				0.0,
				0.0,
				-262452.25938570499,
				0.0,
				22372.334771852766,
				0.0,
				156090.0,
				0.0,
				5278.7453514019726,
				-22372.334771852766,
				0.0,
				0.0,
				0.0,
				156090.0
			],
			"source_node_id" : 0,
			"target_node_id" : 85,
			"transformation" : 
			[
				0.9403187361777261,
				-0.09753141231185436,
				0.32601886142611108,
				0.0,
				0.077296135765703711,
				0.99422164936799251,
				0.074489055059647605,
				0.0,
				-0.33140003287388631,
				-0.044843455937787845,
				0.94242404610172381,
				0.0,
				0.71014583649189533,
				0.3053155731580417,
				0.044103278490084032,
				1.0
			],
			"uncertain" : true,
			"version_major" : 1,
			"version_minor" : 0
		},
		{
			"class_name" : "PoseGraphEdge",
			"confidence" : 1.0,
			"information" : 
			[
				86001.427916257759,
				296.80378204683905,
				-8882.2463644548297,
				0.0,
				-44751.195456624031,
				-6665.1753893342102,
				296.80378204683905,
				92392.488818595681,
				12337.143588172976,
				44751.195456624031,
				0.0,
				-3987.4776789731113,
				-8882.2463644548297,
				12337.143588172976,
				11539.348230684582,
				6665.1753893342102,
				3987.4776789731113,
				0.0,
				0.0,
				44751.195456624031,
				6665.1753893342102,
				24199.0,
				0.0,
				0.0,
				-44751.195456624031,
				0.0,
				3987.4776789731113,
				0.0,
				24199.0,
				0.0,
				-6665.1753893342102,
				-3987.4776789731113,
				0.0,
				0.0,
				0.0,
				24199.0
			],
			"source_node_id" : 0,
			"target_node_id" : 90,
			"transformation" : 
			[
				0.59234402978017264,
				-0.034613626043336482,
				0.80494126945754219,
				0.0,
				0.6496829795725414,
				0.61138154875234874,
				-0.45180153596344103,
				0.0,
				-0.47648775056398984,
				0.79057858479553622,
				0.38463609402285287,
				0.0,
				1.2086305680427607,
				-1.5756011739887499,
				1.1612033207901287,
				1.0
			],
			"uncertain" : true,
			"version_major" : 1,
			"version_minor" : 0
		},
		{
			"class_name" : "PoseGraphEdge",
			"confidence" : 1.0,
			"information" : 
			[
				415302.02502963756,
				-7170.091806317937,
				-32361.750380549387,
				0.0,
				-228247.33876717091,
				14169.488550977781,
				-7170.091806317937,
				436456.64201423613,
				-19347.73569468789,
				228247.33876717091,
				0.0,
				-12308.69687323668,
				-32361.750380549387,
				-19347.73569468789,
				58809.964986218023,
				-14169.488550977781,
				12308.69687323668,
				0.0,
				0.0,
				228247.33876717091,
				-14169.488550977781,
				134702.0,
				0.0,
				0.0,
				-228247.33876717091,
				0.0,
				12308.69687323668,
				0.0,
				134702.0,
				0.0,
				14169.488550977781,
				-12308.69687323668,
				0.0,
				0.0,
				0.0,
				134702.0
			],
			"source_node_id" : 0,
			"target_node_id" : 95,
			"transformation" : 
			[
				0.94161967647012468,
				-0.07181891227514331,
				0.32892921536998349,
				0.0,
				0.061441386742217718,
				0.99723292850148904,
				0.04185023664853188,
				0.0,
				-0.33102468318766065,
				-0.019197139160826895,
				0.94342680106542975,
				0.0,
				0.69394071800060309,
				0.40464511563960309,
				0.018793719704608244,
				1.0
			],
			"uncertain" : true,
			"version_major" : 1,
			"version_minor" : 0
		},
		{
			"class_name" : "PoseGraphEdge",
			"confidence" : 1.0,
			"information" : 
			[
				686490.10985957645,
				-11484.810709339819,
				-18392.890339486024,
				0.0,
				-387902.62811553478,
				-13648.129010002012,
				-11484.810709339819,
				710905.77887218061,
				42554.498077215569,
				387902.62811553478,
				0.0,
				-2815.4835717648966,
				-18392.890339486024,
				42554.498077215569,
				108734.88705014817,
				13648.129010002012,
				2815.4835717648966,
				0.0,
				0.0,
				387902.62811553478,
				13648.129010002012,
				249061.0,
				0.0,
				0.0,
				-387902.62811553478,
				0.0,
				2815.4835717648966,
				0.0,
				249061.0,
				0.0,
				-13648.129010002012,
				-2815.4835717648966,
				0.0,
				0.0,
				0.0,
				249061.0
			],
			"source_node_id" : 1,
			"target_node_id" : 2,
			"transformation" : 
			[
				0.99996365052890135,
				0.0012944409184181898,
				0.0084274577199860302,
				0.0,
				-0.0013661845387525975,
				0.99996283137825936,
				0.0085128962040027442,
				0.0,
				-0.0084161250418170984,
				-0.0085241002271662456,
				0.99992825170339017,
				0.0,
				0.0076870631661751961,
				0.0046049664044267033,
				-0.0080033891645231118,
				1.0
			],
			"uncertain" : false,
			"version_major" : 1,
			"version_minor" : 0
		},
		{
			"class_name" : "PoseGraphEdge",
			"confidence" : 1.0,
			"information" : 
			[
				681090.90462792711,
				-11350.072443484507,
				-19688.315466200169,
				0.0,
				-386932.7285951376,
				-13211.959971738979,
				-11350.072443484507,
				705630.40040635318,
				41282.397775622951,
				386932.7285951376,
				0.0,
				-3309.826224047807,
				-19688.315466200169,
				41282.397775622951,
				107927.11189768529,
				13211.959971738979,
				3309.826224047807,
				0.0,
				0.0,
				386932.7285951376,
				13211.959971738979,
				249707.0,
				0.0,
				0.0,
				-386932.7285951376,
				0.0,
				3309.826224047807,
				0.0,
				249707.0,
				0.0,
				-13211.959971738979,
				-3309.826224047807,
				0.0,
				0.0,
				0.0,
				249707.0
			],
			"source_node_id" : 2,
			"target_node_id" : 3,
			"transformation" : 
			[
				0.99994925780128929,
				-0.0041887694620717821,
				0.0091616610417837637,
				0.0,
				0.0040981136517038007,
				0.99994267903382572,
				0.0098916182272273806,
				0.0,
				-0.0092025695948817609,
				-0.0098535707765821032,
				0.99990910579702286,
				0.0,
				0.0095300481652995303,
				0.0085830850232543002,
				-0.0045388109130112021,
				1.0
			],
			"uncertain" : false,
			"version_major" : 1,
			"version_minor" : 0
		},
		{
			"class_name" : "PoseGraphEdge",
			"confidence" : 1.0,
			"information" : 
			[
				682899.17243533325,
				-11478.204546773948,
				-20664.85845371948,
				0.0,
				-389950.41170746088,
				-13242.878470209078,
				-11478.204546773948,
				708879.59148288425,
				41119.007167751843,
				389950.41170746088,
				0.0,
				-3797.9142130275723,
				-20664.85845371948,
				41119.007167751843,
				109199.39751925459,
				13242.878470209078,
				3797.9142130275723,
				0.0,
				0.0,
				389950.41170746088,
				13242.878470209078,
				252882.0,
				0.0,
				0.0,
				-389950.41170746088,
				0.0,
				3797.9142130275723,
				0.0,
				252882.0,
				0.0,
				-13242.878470209078,
				-3797.9142130275723,
				0.0,
				0.0,
				0.0,
				252882.0
			],
			"source_node_id" : 3,
			"target_node_id" : 4,
			"transformation" : 
			[
				0.99996403155663416,
				-0.0083681187571643025,
				0.0013820931475531839,
				0.0,
				0.0083622408733919351,
				0.99995619333706443,
				0.0042052745953638998,
				0.0,
				-0.0014172228398850152,
				-0.0041935659423734794,
				0.99999020269406091,
				0.0,
				-9.1843677746814055e-05,
				0.00093541531661144798,
				-0.0043978661438815415,
				1.0
			],
			"uncertain" : false,
			"version_major" : 1,
			"version_minor" : 0
		},
		{
			"class_name" : "PoseGraphEdge",
			"confidence" : 1.0,
			"information" : 
			[
				667898.01052459073,
				-11325.497712947074,
				-20753.278548110327,
				0.0,
				-383475.15225321054,
				-12460.839297840837,
				-11325.497712947074,
				692753.85161964514,
				38797.189548774448,
				383475.15225321054,
				0.0,
				-3646.1113089581486,
				-20753.278548110327,
				38797.189548774448,
				105705.03468018776,
				12460.839297840837,
				3646.1113089581486,
				0.0,
				0.0,
				383475.15225321054,
				12460.839297840837,
				250017.0,
				0.0,
				0.0,
				-383475.15225321054,
				0.0,
				3646.1113089581486,
				0.0,
				250017.0,
				0.0,
				-12460.839297840837,
				-3646.1113089581486,
				0.0,
				0.0,
				0.0,
				250017.0
			],
			"source_node_id" : 4,
			"target_node_id" : 5,
			"transformation" : 
			[
				0.99996788981805462,
				-0.0019609290878258986,
				0.0077700765723313202,
				0.0,
				0.001896907003765111,
				0.99996426470002608,
				0.0082383898156907914,
				0.0,
				-0.0077859538045406095,
				-0.0082233861668250131,
				0.99993587536566875,
				0.0,
				0.0049907122699697501,
				0.0038040911777412287,
				-0.0054839981601532478,
				1.0
			],
			"uncertain" : false,
			"version_major" : 1,
			"version_minor" : 0
		},
		{
			"class_name" : "PoseGraphEdge",
			"confidence" : 1.0,
			"information" : 
			[
				661569.12715314084,
				-11420.530659567645,
				-21397.013820386212,
				0.0,
				-381912.4728320837,
				-12178.264572177199,
				-11420.530659567645,
				686699.21664232458,
				38023.205955335725,
				381912.4728320837,
				0.0,
				-4063.6221254861448,
				-21397.013820386212,
				38023.205955335725,
				105202.93493516657,
				12178.264572177199,
				4063.6221254861448,
				0.0,
				0.0,
				381912.4728320837,
				12178.264572177199,
				250291.0,
				0.0,
				0.0,
				-381912.4728320837,
				0.0,
				4063.6221254861448,
				0.0,
				250291.0,
				0.0,
				-12178.264572177199,
				-4063.6221254861448,
				0.0,
				0.0,
				0.0,
				250291.0
			],
			"source_node_id" : 5,
			"target_node_id" : 6,
			"transformation" : 
			[
				0.9999679149223677,
				-0.0067147524629707833,
				0.0043682061731989408,
				0.0,
				0.0066807965198023627,
				0.9999477118675395,
				0.0077421243037170181,
				0.0,
				-0.0044199642160929458,
				-0.0077126928004580134,
				0.99996048836246276,
				0.0,
				0.0074497695602194309,
				0.0064122522919987657,
				-0.0042725395950595855,
				1.0
			],
			"uncertain" : false,
			"version_major" : 1,
			"version_minor" : 0
		},
		{
			"class_name" : "PoseGraphEdge",
			"confidence" : 1.0,
			"information" : 
			[
				592861.38407957554,
				-10643.44194894278,
				-22347.959689052779,
				0.0,
				-348874.06850367785,
				-11590.326564426185,
				-10643.44194894278,
				616271.90053398616,
				33821.850993339409,
				348874.06850367785,
				0.0,
				-5967.4906568396837,
				-22347.959689052779,
				33821.850993339409,
				93671.283190916351,
				11590.326564426185,
				5967.4906568396837,
				0.0,
				0.0,
				348874.06850367785,
				11590.326564426185,
				231964.0,
				0.0,
				0.0,
				-348874.06850367785,
				0.0,
				5967.4906568396837,
				0.0,
				231964.0,
				0.0,
				-11590.326564426185,
				-5967.4906568396837,
				0.0,
				0.0,
				0.0,
				231964.0
			],
			"source_node_id" : 5,
			"target_node_id" : 10,
			"transformation" : 
			[
				0.99956323625937227,
				-0.027036258625179541,
				0.011932201734937342,
				0.0,
				0.026613192284716369,
				0.99905737931948346,
				0.034294180609878225,
				0.0,
				-0.012848140531125022,
				-0.033961648176121219,
				0.99934054843084086,
				0.0,
				0.042206542630478981,
				0.035452794924136444,
				-0.030424296147290638,
				1.0
			],
			"uncertain" : true,
			"version_major" : 1,
			"version_minor" : 0
		},
		{
			"class_name" : "PoseGraphEdge",
			"confidence" : 1.0,
			"information" : 
			[
				539802.73166091775,
				-8683.4545258942544,
				-28396.396641734966,
				0.0,
				-317721.11219364405,
				-11877.551332087955,
				-8683.4545258942544,
				557261.33558763529,
				32720.69847862473,
				317721.11219364405,
				0.0,
				-12054.386255654448,
				-28396.396641734966,
				32720.69847862473,
				84114.055646012246,
				11877.551332087955,
				12054.386255654448,
				0.0,
				0.0,
				317721.11219364405,
				11877.551332087955,
				210187.0,
				0.0,
				0.0,
				-317721.11219364405,
				0.0,
				12054.386255654448,
				0.0,
				210187.0,
				0.0,
				-11877.551332087955,
				-12054.386255654448,
				0.0,
				0.0,
				0.0,
				210187.0
			],
			"source_node_id" : 5,
			"target_node_id" : 15,
			"transformation" : 
			[
				0.99969729861764112,
				0.019884312320878519,
				-0.014488797745748018,
				0.0,
				-0.019410663690085761,
				0.99929522885449729,
				0.03212898572545566,
				0.0,
				0.015117449245881733,
				-0.031838023056746503,
				0.99937870850650823,
				0.0,
				0.075452021987589477,
				0.083115260880926134,
				-0.058115502771189695,
				1.0
			],
			"uncertain" : true,
			"version_major" : 1,
			"version_minor" : 0
		},
		{
			"class_name" : "PoseGraphEdge",
			"confidence" : 1.0,
			"information" : 
			[
				499232.65810927254,
				-9214.9434785636768,
				-26490.318225889892,
				0.0,
				-293032.97615873814,
				-6830.2398467991734,
				-9214.9434785636768,
				518257.25636391691,
				22398.220689709782,
				293032.97615873814,
				0.0,
				-11618.027308896824,
				-26490.318225889892,
				22398.220689709782,
				77163.757472861747,
				6830.2398467991734,
				11618.027308896824,
				0.0,
				0.0,
				293032.97615873814,
				6830.2398467991734,
				191036.0,
				0.0,
				0.0,
				-293032.97615873814,
				0.0,
				11618.027308896824,
				0.0,
				191036.0,
				0.0,
				-6830.2398467991734,
				-11618.027308896824,
				0.0,
				0.0,
				0.0,
				191036.0
			],
			"source_node_id" : 5,
			"target_node_id" : 20,
			"transformation" : 
			[
				0.99971933444398609,
				0.023397810221781893,
				0.0037141372752922779,
				0.0,
				-0.023484844606796177,
				0.99940059001254089,
				0.025434676258602067,
				0.0,
				-0.0031167952561637208,
				-0.025514763557806734,
				0.99966958662746119,
				0.0,
				0.11494593194458444,
				0.13477420310062047,
				-0.075958424785152245,
				1.0
			],
			"uncertain" : true,
			"version_major" : 1,
			"version_minor" : 0
		},
		{
			"class_name" : "PoseGraphEdge",
			"confidence" : 1.0,
			"information" : 
			[
				498201.15748834942,
				-10075.99132513491,
				-24194.233426015333,
				0.0,
				-290506.87038403749,
				-3494.8804960601265,
				-10075.99132513491,
				520310.37437625515,
				15517.374577595496,
				290506.87038403749,
				0.0,
				-9902.302841306082,
				-24194.233426015333,
				15517.374577595496,
				77225.994643268205,
				3494.8804960601265,
				9902.302841306082,
				0.0,
				0.0,
				290506.87038403749,
				3494.8804960601265,
				186424.0,
				0.0,
				0.0,
				-290506.87038403749,
				0.0,
				9902.302841306082,
				0.0,
				186424.0,
				0.0,
				-3494.8804960601265,
				-9902.302841306082,
				0.0,
				0.0,
				0.0,
				186424.0
			],
			"source_node_id" : 5,
			"target_node_id" : 25,
			"transformation" : 
			[
				0.99890223038204695,
				-0.0037677300578896665,
				0.046691951640307719,
				0.0,
				0.0026369860276695928,
				0.99970232426459049,
				0.024255085336175642,
				0.0,
				-0.046769439193343129,
				-0.024105332816332203,
				0.99861481687753606,
				0.0,
				0.1649724196653338,
				0.16385029346364902,
				-0.073758850709623403,
				1.0
			],
			"uncertain" : true,
			"version_major" : 1,
			"version_minor" : 0
		},
		{
			"class_name" : "PoseGraphEdge",
			"confidence" : 1.0,
			"information" : 
			[
				491231.88757087034,
				-8975.6500421595647,
				-26107.308429243807,
				0.0,
				-283998.02878141403,
				2440.0951138630044,
				-8975.6500421595647,
				516305.38644522638,
				4078.8555873971791,
				283998.02878141403,
				0.0,
				-10662.304510133574,
				-26107.308429243807,
				4078.8555873971791,
				75515.601707009773,
				-2440.0951138630044,
				10662.304510133574,
				0.0,
				0.0,
				283998.02878141403,
				-2440.0951138630044,
				178636.0,
				0.0,
				0.0,
				-283998.02878141403,
				0.0,
				10662.304510133574,
				0.0,
				178636.0,
				0.0,
				2440.0951138630044,
				-10662.304510133574,
				0.0,
				0.0,
				0.0,
				178636.0
			],
			"source_node_id" : 5,
			"target_node_id" : 30,
			"transformation" : 
			[
				0.99547456854083882,
				-0.041046528071810279,
				0.085706277026136507,
				0.0,
				0.039180789725369577,
				0.99895952575695679,
				0.02333948619683367,
				0.0,
				-0.086575106727783596,
				-0.019875825333452647,
				0.99604703827800534,
				0.0,
				0.20766184995147019,
				0.20776726716415214,
				-0.069055515419636157,
				1.0
			],
			"uncertain" : true,
			"version_major" : 1,
			"version_minor" : 0
		},
		{
			"class_name" : "PoseGraphEdge",
			"confidence" : 1.0,
			"information" : 
			[
				468199.37197793589,
				-8523.224353676138,
				-19797.205042644404,
				0.0,
				-267496.84061419964,
				9982.0949138024589,
				-8523.224353676138,
				491106.73275454488,
				-9943.8549476673816,
				267496.84061419964,
				0.0,
				-6618.1609081286006,
				-19797.205042644404,
				-9943.8549476673816,
				68128.691556539547,
				-9982.0949138024589,
				6618.1609081286006,
				0.0,
				0.0,
				267496.84061419964,
				-9982.0949138024589,
				165230.0,
				0.0,
				0.0,
				-267496.84061419964,
				0.0,
				6618.1609081286006,
				0.0,
				165230.0,
				0.0,
				9982.0949138024589,
				-6618.1609081286006,
				0.0,
				0.0,
				0.0,
				165230.0
			],
			"source_node_id" : 5,
			"target_node_id" : 35,
			"transformation" : 
			[
				0.99084817866429165,
				-0.033754337243386126,
				0.13069250764644247,
				0.0,
				0.033674474075682068,
				0.99942887096352617,
				0.0028216449630731133,
				0.0,
				-0.13071310811614065,
				0.0016051796881274454,
				0.99141893605316378,
				0.0,
				0.21986379324698621,
				0.24003598810285798,
				-0.062625017856862725,
				1.0
			],
			"uncertain" : true,
			"version_major" : 1,
			"version_minor" : 0
		},
		{
			"class_name" : "PoseGraphEdge",
			"confidence" : 1.0,
			"information" : 
			[
				445010.10745176324,
				-7368.7019265609379,
				-9684.9123001933312,
				0.0,
				-250765.97252881527,
				12745.105099133682,
				-7368.7019265609379,
				460703.74303457409,
				-16054.627299676909,
				250765.97252881527,
				0.0,
				-406.4340053194901,
				-9684.9123001933312,
				-16054.627299676909,
				58306.216326957867,
				-12745.105099133682,
				406.4340053194901,
				0.0,
				0.0,
				250765.97252881527,
				-12745.105099133682,
				152587.0,
				0.0,
				0.0,
				-250765.97252881527,
				0.0,
				406.4340053194901,
				0.0,
				152587.0,
				0.0,
				12745.105099133682,
				-406.4340053194901,
				0.0,
				0.0,
				0.0,
				152587.0
			],
			"source_node_id" : 5,
			"target_node_id" : 40,
			"transformation" : 
			[
				0.98006022009586302,
				-0.038118157286671374,
