{
	"class_name" : "PoseGraph",
	"edges" : 
	[
		{
			"class_name" : "PoseGraphEdge",
			"confidence" : 1.0,
			"information" : 
			[
				770286.00467120821,
				2940.9632847869666,
				-18530.953621671517,
				0.0,
				-421611.6717017889,
				-12422.398563536,
				2940.9632847869666,
				804970.27745432232,
				36175.529880615213,
				421611.6717017889,
				0.0,
				1142.0194653852377,
				-18530.953621671517,
				36175.529880615213,
				119096.8852926148,
				12422.398563536,
				-1142.0194653852377,
				0.0,
				0.0,
				421611.6717017889,
				12422.398563536,
				249629.0,
				0.0,
				0.0,
				-421611.6717017889,
				0.0,
				-1142.0194653852377,
				0.0,
				249629.0,
				0.0,
				-12422.398563536,
				1142.0194653852377,
				0.0,
				0.0,
				0.0,
				249629.0
			],
			"source_node_id" : 0,
			"target_node_id" : 1,
			"transformation" : 
			[
				0.99999758269746408,
				-0.0010574442960302739,
				-0.0019277994677997785,
				0.0,
				0.0010529279436060713,
				0.999996702571045,
				-0.0023422616810372904,
				0.0,
				0.0019302699222724161,
				0.002340226185152876,
				0.99999539868912879,
				0.0,
				0.0012571157229892055,
				0.0077198399415250689,
				0.00010883912726716493,
				1.0
			],
			"uncertain" : false,
			"version_major" : 1,
			"version_minor" : 0
		},
		{
			"class_name" : "PoseGraphEdge",
			"confidence" : 0.99252885615836928,
			"information" : 
			[
				729287.12909200194,
				5029.6811385967021,
				-19568.375415717957,
				0.0,
				-398748.82758653164,
				-8414.8500023138477,
				5029.6811385967021,
				762657.80212769401,
				28374.843050516745,
				398748.82758653164,
				0.0,
				-937.80015293776523,
				-19568.375415717957,
				28374.843050516745,
				105419.70209699747,
				8414.8500023138477,
				937.80015293776523,
				0.0,
				0.0,
				398748.82758653164,
				8414.8500023138477,
				234097.0,
				0.0,
				0.0,
				-398748.82758653164,
				0.0,
				937.80015293776523,
				0.0,
				234097.0,
				0.0,
				-8414.8500023138477,
				-937.80015293776523,
				0.0,
				0.0,
				0.0,
				234097.0
			],
			"source_node_id" : 0,
			"target_node_id" : 5,
			"transformation" : 
			[
				0.99992233254153851,
				-0.012427663400572381,
				-0.00093918426933566469,
				0.0,
				0.012411884633370006,
				0.99980643470117925,
				-0.015265590390324598,
				0.0,
				0.0011287180948338284,
				0.015252747703915969,
				0.99988303300083181,
				0.0,
				0.034367732290964563,
				0.031918114245688543,
				0.0046228810395108726,
				1.0
			],
			"uncertain" : true,
			"version_major" : 1,
			"version_minor" : 0
		},
		{
			"class_name" : "PoseGraphEdge",
			"confidence" : 0.98178052679158123,
			"information" : 
			[
				750756.03639853792,
				4197.2408349797415,
				-32996.773869329423,
				0.0,
				-409711.21807026863,
				-13054.03588822938,
				4197.2408349797415,
				776969.43381175399,
				37193.260847988749,
				409711.21807026863,
				0.0,
				-9365.4625770312268,
				-32996.773869329423,
				37193.260847988749,
				107805.30039197016,
				13054.03588822938,
				9365.4625770312268,
				0.0,
				0.0,
				409711.21807026863,
				13054.03588822938,
				241408.0,
				0.0,
				0.0,
				-409711.21807026863,
				0.0,
				9365.4625770312268,
				0.0,
				241408.0,
				0.0,
				-13054.03588822938,
				-9365.4625770312268,
				0.0,
				0.0,
				0.0,
				241408.0
			],
			"source_node_id" : 0,
			"target_node_id" : 10,
			"transformation" : 
			[
				0.99987747551576756,
				-0.010149756459080892,
				-0.011917063398247054,
				0.0,
				0.010275315794445367,
				0.99989184084236482,
				0.010522571082717369,
				0.0,
				0.011808972924895356,
				-0.010643733399881431,
				0.99987362156313164,
				0.0,
				0.071650858061433897,
				0.020338848483610842,
				0.02359552211682768,
				1.0
			],
			"uncertain" : true,
			"version_major" : 1,
			"version_minor" : 0
		},
		{
			"class_name" : "PoseGraphEdge",
			"confidence" : 0.97435685261873384,
			"information" : 
			[
				729497.93859340146,
				4208.4221638552608,
				-47081.134766897492,
				0.0,
				-392414.94756340981,
				-21298.638804248185,
				4208.4221638552608,
				751420.76728773385,
				50053.967807289788,
				392414.94756340981,
				0.0,
				-19064.411586625036,
				-47081.134766897492,
				50053.967807289788,
				97551.919307968594,
				21298.638804248185,
				19064.411586625036,
				0.0,
				0.0,
				392414.94756340981,
				21298.638804248185,
				226743.0,
				0.0,
				0.0,
				-392414.94756340981,
				0.0,
				19064.411586625036,
				0.0,
				226743.0,
				0.0,
				-21298.638804248185,
				-19064.411586625036,
				0.0,
				0.0,
				0.0,
				226743.0
			],
			"source_node_id" : 0,
			"target_node_id" : 15,
			"transformation" : 
			[
				0.99895620659339923,
				0.018681750968088329,
				-0.041683203923079351,
				0.0,
				-0.018021745442274372,
				0.99970709191804208,
				0.016153855885959422,
				0.0,
				0.041972776888604443,
				-0.015385790507374731,
				0.9990002820073296,
				0.0,
				0.10055282452790582,
				-0.022423062747967806,
				0.063456011086465716,
				1.0
			],
			"uncertain" : true,
			"version_major" : 1,
			"version_minor" : 0
		},
		{
			"class_name" : "PoseGraphEdge",
			"confidence" : 0.96429593335310015,
			"information" : 
			[
				716878.55225078203,
				4929.705550960125,
				-52216.837709253567,
				0.0,
				-377595.86846554279,
				-30935.09948548791,
				4929.705550960125,
				738528.85750823491,
				66628.814657765819,
				377595.86846554279,
				0.0,
				-21981.631510091247,
				-52216.837709253567,
				66628.814657765819,
				92102.95637486146,
				30935.09948548791,
				21981.631510091247,
				0.0,
				0.0,
				377595.86846554279,
				30935.09948548791,
				212753.0,
				0.0,
				0.0,
				-377595.86846554279,
				0.0,
				21981.631510091247,
				0.0,
				212753.0,
				0.0,
				-30935.09948548791,
				-21981.631510091247,
				0.0,
				0.0,
				0.0,
				212753.0
			],
			"source_node_id" : 0,
			"target_node_id" : 20,
			"transformation" : 
			[
				0.99823650059050051,
				0.034710812247587604,
				-0.048156499062362634,
				0.0,
				-0.033080493198232086,
				0.99886571956975201,
				0.034248434097962244,
				0.0,
				0.049290667053635308,
				-0.032594996264971275,
				0.99825247125158345,
				0.0,
				0.10422942884523335,
				-0.084564927313663038,
				0.11153015640152257,
				1.0
			],
			"uncertain" : true,
			"version_major" : 1,
			"version_minor" : 0
		},
		{
			"class_name" : "PoseGraphEdge",
			"confidence" : 0.99276762941257946,
			"information" : 
			[
				718956.82307676016,
				5533.7417361784655,
				-54891.134513045654,
				0.0,
				-371971.01705110073,
				-37804.792761765071,
				5533.7417361784655,
				740932.85848621873,
				79594.493421735941,
				371971.01705110073,
				0.0,
				-23177.296251603286,
				-54891.134513045654,
				79594.493421735941,
				91586.12733356141,
				37804.792761765071,
				23177.296251603286,
				0.0,
				0.0,
				371971.01705110073,
				37804.792761765071,
				205640.0,
				0.0,
				0.0,
				-371971.01705110073,
				0.0,
				23177.296251603286,
				0.0,
				205640.0,
				0.0,
				-37804.792761765071,
				-23177.296251603286,
				0.0,
				0.0,
				0.0,
				205640.0
			],
			"source_node_id" : 0,
			"target_node_id" : 25,
			"transformation" : 
			[
				0.99804392653817164,
				0.03804749568284143,
				-0.049605531672744237,
				0.0,
				-0.035916798418164392,
				0.99842239419462608,
				0.043159082034470088,
				0.0,
				0.05116936868538071,
				-0.041292987817949774,
				0.99783595087840338,
				0.0,
				0.099535618475199414,
				-0.13547034801930186,
				0.14919751376376214,
				1.0
			],
			"uncertain" : true,
			"version_major" : 1,
			"version_minor" : 0
		},
		{
			"class_name" : "PoseGraphEdge",
			"confidence" : 0.97766595447274574,
			"information" : 
			[
				714663.58648190089,
				5839.2315635231353,
				-53089.773960063649,
				0.0,
				-364117.47733473778,
				-43844.678022614331,
				5839.2315635231353,
				735311.33449980814,
				91258.421652433375,
				364117.47733473778,
				0.0,
				-22313.037740102969,
				-53089.773960063649,
				91258.421652433375,
				90106.309265024698,
				43844.678022614331,
				22313.037740102969,
				0.0,
				0.0,
				364117.47733473778,
				43844.678022614331,
				198159.0,
				0.0,
				0.0,
				-364117.47733473778,
				0.0,
				22313.037740102969,
				0.0,
				198159.0,
				0.0,
				-43844.678022614331,
				-22313.037740102969,
				0.0,
				0.0,
				0.0,
				198159.0
			],
			"source_node_id" : 0,
			"target_node_id" : 30,
			"transformation" : 
			[
				0.99810179989381442,
				0.028819424867299166,
				-0.054426443931661558,
				0.0,
				-0.0261297860071029,
				0.99843230924106463,
				0.049499072180977995,
				0.0,
				0.055767654890188992,
				-0.047982961703845792,
				0.99729013033027503,
				0.0,
				0.086097825295473579,
				-0.18947921062387849,
				0.18318219691149568,
				1.0
			],
			"uncertain" : true,
			"version_major" : 1,
			"version_minor" : 0
		},
		{
			"class_name" : "PoseGraphEdge",
			"confidence" : 0.98619782329134276,
			"information" : 
			[
				708831.48508968286,
				6001.4575396857099,
				-54833.549699674011,
				0.0,
				-356278.6091337204,
				-48463.692337206565,
				6001.4575396857099,
				728766.73550805252,
				99960.171154079828,
				356278.6091337204,
				0.0,
				-22891.872390735196,
				-54833.549699674011,
				99960.171154079828,
				89932.400167845582,
				48463.692337206565,
				22891.872390735196,
				0.0,
				0.0,
				356278.6091337204,
				48463.692337206565,
				191413.0,
				0.0,
				0.0,
				-356278.6091337204,
				0.0,
				22891.872390735196,
				0.0,
				191413.0,
				0.0,
				-48463.692337206565,
				-22891.872390735196,
				0.0,
				0.0,
				0.0,
				191413.0
			],
			"source_node_id" : 0,
			"target_node_id" : 35,
			"transformation" : 
			[
				0.99650160356235584,
				0.058252739374200758,
				-0.059926391957582828,
				0.0,
				-0.054974357880670163,
				0.99697326416165566,
				0.054973907651375852,
				0.0,
				0.062947391314179243,
				-0.051487172210711668,
				0.99668786338777338,
				0.0,
				0.068130559262426241,
				-0.23881403844785365,
				0.21175909516853517,
				1.0
			],
			"uncertain" : true,
			"version_major" : 1,
			"version_minor" : 0
		},
		{
			"class_name" : "PoseGraphEdge",
			"confidence" : 0.99541796624917456,
			"information" : 
			[
				738211.50913169247,
				5242.6831077727993,
				-44012.737287548291,
				0.0,
				-362163.11383116245,
				-55013.403420996969,
				5242.6831077727993,
				758100.32189065649,
				114545.13793925855,
				362163.11383116245,
				0.0,
				-15971.371999621973,
				-44012.737287548291,
				114545.13793925855,
				95256.838242023136,
				55013.403420996969,
				15971.371999621973,
				0.0,
				0.0,
				362163.11383116245,
				55013.403420996969,
				190291.0,
				0.0,
				0.0,
				-362163.11383116245,
				0.0,
				15971.371999621973,
				0.0,
				190291.0,
				0.0,
				-55013.403420996969,
				-15971.371999621973,
				0.0,
				0.0,
				0.0,
				190291.0
			],
			"source_node_id" : 0,
			"target_node_id" : 40,
			"transformation" : 
			[
				0.99843475112207536,
				0.030876479911241161,
				-0.046633579533310432,
				0.0,
				-0.028538104426228811,
				0.99834125232677717,
				0.050003204880892126,
				0.0,
				0.048100149142768035,
				-0.048594103458069873,
				0.99765975600980883,
				0.0,
				0.031431361615656406,
				-0.29205495782427104,
				0.24756779105819846,
				1.0
			],
			"uncertain" : true,
			"version_major" : 1,
			"version_minor" : 0
		},
		{
			"class_name" : "PoseGraphEdge",
			"confidence" : 0.98731491539629823,
			"information" : 
			[
				722932.72059867647,
				8215.621524273718,
				-61014.137663896916,
				0.0,
				-348707.4963350296,
				-53684.520874571521,
				8215.621524273718,
				735927.9128621649,
				113932.0748749159,
				348707.4963350296,
				0.0,
				-27169.127247882658,
				-61014.137663896916,
				113932.0748749159,
				87236.023082676431,
				53684.520874571521,
				27169.127247882658,
				0.0,
				0.0,
				348707.4963350296,
				53684.520874571521,
				179715.0,
				0.0,
				0.0,
				-348707.4963350296,
				0.0,
				27169.127247882658,
				0.0,
				179715.0,
				0.0,
				-53684.520874571521,
				-27169.127247882658,
				0.0,
				0.0,
				0.0,
				179715.0
			],
			"source_node_id" : 0,
			"target_node_id" : 45,
			"transformation" : 
			[
				0.99264489310730719,
				0.040250107656994161,
				-0.11417550096926984,
				0.0,
				-0.036497295743190973,
				0.99872862863189804,
				0.034771737869744163,
				0.0,
				0.11542990769907663,
				-0.030348890995365044,
				0.99285189289437004,
				0.0,
				0.051066667507287236,
				-0.31981045962089133,
				0.30308353270579286,
				1.0
			],
			"uncertain" : true,
			"version_major" : 1,
			"version_minor" : 0
		},
		{
			"class_name" : "PoseGraphEdge",
			"confidence" : 0.99192934723517823,
			"information" : 
			[
				798023.13772168255,
				10797.032088150756,
				-68351.367616109419,
				0.0,
				-371512.18012666702,
				-61494.991045442759,
				10797.032088150756,
				809476.53901764913,
				134163.59995412049,
				371512.18012666702,
				0.0,
				-29968.84787184326,
				-68351.367616109419,
				134163.59995412049,
				95434.43830429716,
				61494.991045442759,
				29968.84787184326,
				0.0,
				0.0,
				371512.18012666702,
				61494.991045442759,
				184942.0,
				0.0,
				0.0,
				-371512.18012666702,
				0.0,
				29968.84787184326,
				0.0,
				184942.0,
				0.0,
				-61494.991045442759,
				-29968.84787184326,
				0.0,
				0.0,
				0.0,
				184942.0
			],
			"source_node_id" : 0,
			"target_node_id" : 50,
			"transformation" : 
			[
				0.992156870730036,
				0.010712222265616252,
				-0.12453911898401701,
				0.0,
				-0.010002481392811517,
				0.99992998354486617,
				0.0063228453997695852,
				0.0,
				0.12459813092165339,
				-0.0050275542856305254,
				0.99219455222689845,
				0.0,
				0.044652177404516831,
				-0.38103681444810311,
				0.36584103076626778,
				1.0
			],
			"uncertain" : true,
			"version_major" : 1,
			"version_minor" : 0
		},
		{
			"class_name" : "PoseGraphEdge",
			"confidence" : 0.99451157263857248,
			"information" : 
			[
				849337.99876436521,
				10684.262883671236,
				-67328.025799354014,
				0.0,
				-387013.76444745064,
				-64945.687897755299,
				10684.262883671236,
				859714.10746022523,
				144523.43634777376,
				387013.76444745064,
				0.0,
				-28725.226709789946,
				-67328.025799354014,
				144523.43634777376,
				100657.46678508892,
				64945.687897755299,
				28725.226709789946,
				0.0,
				0.0,
				387013.76444745064,
				64945.687897755299,
				188678.0,
				0.0,
				0.0,
				-387013.76444745064,
				0.0,
				28725.226709789946,
				0.0,
				188678.0,
				0.0,
				-64945.687897755299,
				-28725.226709789946,
				0.0,
				0.0,
				0.0,
				188678.0
			],
			"source_node_id" : 0,
			"target_node_id" : 55,
			"transformation" : 
			[
				0.99258580841712751,
				0.00017329301479181332,
				-0.12154580576247292,
				0.0,
				-0.001151154103980692,
				0.99996753631779478,
				-0.0079750332129451661,
				0.0,
				0.12154047792051283,
				0.0080558227419495719,
				0.99255378491384794,
				0.0,
				0.0308691132599524,
				-0.40373444694234539,
				0.40576234667496675,
				1.0
			],
			"uncertain" : true,
			"version_major" : 1,
			"version_minor" : 0
		},
		{
			"class_name" : "PoseGraphEdge",
			"confidence" : 0.99929091581387619,
			"information" : 
			[
				830932.9091651605,
				10214.048293584541,
				-61146.09925772679,
				0.0,
				-372808.30080294609,
				-67741.520488187089,
				10214.048293584541,
				837937.9117855283,
				151274.28351201708,
				372808.30080294609,
				0.0,
				-25640.193343359279,
				-61146.09925772679,
				151274.28351201708,
				98980.896015052451,
				67741.520488187089,
				25640.193343359279,
				0.0,
				0.0,
				372808.30080294609,
				67741.520488187089,
				179290.0,
				0.0,
				0.0,
				-372808.30080294609,
				0.0,
				25640.193343359279,
				0.0,
				179290.0,
				0.0,
				-67741.520488187089,
				-25640.193343359279,
				0.0,
				0.0,
				0.0,
				179290.0
			],
			"source_node_id" : 0,
			"target_node_id" : 60,
			"transformation" : 
			[
				0.99214649439967961,
				-0.014962440227550299,
				-0.12418316726861366,
				0.0,
				0.016002542171997813,
				0.99984469855080793,
				0.007382237051082912,
				0.0,
				0.12405342516214912,
				-0.0093115069823280529,
				0.99223184969202571,
				0.0,
				0.018717367037354282,
				-0.43729049069707565,
				0.43930232336560565,
				1.0
			],
			"uncertain" : true,
			"version_major" : 1,
			"version_minor" : 0
		},
		{
			"class_name" : "PoseGraphEdge",
			"confidence" : 0.98730644592116934,
			"information" : 
			[
				947445.94936077448,
				12010.523467328752,
				-72755.679798575642,
				0.0,
				-412675.67811131477,
				-73593.264120334061,
				12010.523467328752,
				957937.69581350393,
				169234.2995261093,
				412675.67811131477,
				0.0,
				-29080.865827233996,
				-72755.679798575642,
				169234.2995261093,
				114313.98576708951,
				73593.264120334061,
				29080.865827233996,
				0.0,
				0.0,
				412675.67811131477,
				73593.264120334061,
				192492.0,
				0.0,
				0.0,
				-412675.67811131477,
				0.0,
				29080.865827233996,
				0.0,
				192492.0,
				0.0,
				-73593.264120334061,
				-29080.865827233996,
				0.0,
				0.0,
				0.0,
				192492.0
			],
			"source_node_id" : 0,
			"target_node_id" : 65,
			"transformation" : 
			[
				0.9940848593413355,
				0.0027325364019241023,
				-0.10857175356937357,
				0.0,
				-0.0042632543114266997,
				0.999894731423149,
				-0.013869056741751328,
				0.0,
				0.10852242667298174,
				0.014249888316824551,
				0.99399186294052,
				0.0,
				0.016927687859109291,
				-0.4475363367585159,
				0.48798616606234241,
				1.0
			],
			"uncertain" : true,
			"version_major" : 1,
			"version_minor" : 0
		},
		{
			"class_name" : "PoseGraphEdge",
			"confidence" : 0.99337985458733002,
			"information" : 
			[
				978540.71264893294,
				12579.166654554841,
				-71704.059622977467,
				0.0,
				-422607.90070319176,
				-74986.665811778046,
				12579.166654554841,
				987501.66626264283,
				174354.87345053355,
				422607.90070319176,
				0.0,
				-28480.084853431559,
				-71704.059622977467,
				174354.87345053355,
				116435.86554971675,
				74986.665811778046,
				28480.084853431559,
				0.0,
				0.0,
				422607.90070319176,
				74986.665811778046,
				195472.0,
				0.0,
				0.0,
				-422607.90070319176,
				0.0,
				28480.084853431559,
				0.0,
				195472.0,
				0.0,
				-74986.665811778046,
				-28480.084853431559,
				0.0,
				0.0,
				0.0,
				195472.0
			],
			"source_node_id" : 0,
			"target_node_id" : 70,
			"transformation" : 
			[
				0.99311317036269819,
				-0.008439361254020665,
				-0.11685464489601954,
				0.0,
				0.0054907848995550054,
				0.99965893049759114,
				-0.025531822449634648,
				0.0,
				0.11703026161355651,
				0.024714365418456077,
				0.99282078846518251,
				0.0,
				0.0079480115534024155,
				-0.44923472785477958,
				0.5057412540080849,
				1.0
			],
			"uncertain" : true,
			"version_major" : 1,
			"version_minor" : 0
		},
		{
			"class_name" : "PoseGraphEdge",
			"confidence" : 0.99677250363903858,
			"information" : 
			[
				842810.43422883225,
				11239.965319318348,
				-63473.826495817353,
				0.0,
				-367522.19745147228,
				-71049.451403515646,
				11239.965319318348,
				844587.94816425804,
				161890.70113502446,
				367522.19745147228,
				0.0,
				-26452.922223373898,
				-63473.826495817353,
				161890.70113502446,
				99005.344292508453,
				71049.451403515646,
				26452.922223373898,
				0.0,
				0.0,
				367522.19745147228,
				71049.451403515646,
				172083.0,
				0.0,
				0.0,
				-367522.19745147228,
				0.0,
				26452.922223373898,
				0.0,
				172083.0,
				0.0,
				-71049.451403515646,
				-26452.922223373898,
				0.0,
				0.0,
				0.0,
				172083.0
			],
			"source_node_id" : 0,
			"target_node_id" : 75,
			"transformation" : 
			[
				0.98755948693048923,
				0.0056072638472963333,
				-0.15714585061570985,
				0.0,
				-0.0077043986727739497,
				0.99988917159960677,
				-0.012739182035894265,
				0.0,
				0.1570570024375835,
				0.013791414358197173,
				0.98749323788840204,
				0.0,
				-0.0084357199753458643,
				-0.50795897860430561,
				0.4993958428752997,
				1.0
			],
			"uncertain" : true,
			"version_major" : 1,
			"version_minor" : 0
		},
		{
			"class_name" : "PoseGraphEdge",
			"confidence" : 0.97253478739148902,
			"information" : 
			[
				771688.16709166626,
				13131.652427219782,
				-69256.819935144973,
				0.0,
				-338446.19474649429,
				-69021.880055114045,
				13131.652427219782,
				771330.57248273841,
				155284.21336752232,
				338446.19474649429,
				0.0,
				-30160.136784741655,
				-69256.819935144973,
				155284.21336752232,
				91830.245429899296,
				69021.880055114045,
				30160.136784741655,
				0.0,
				0.0,
				338446.19474649429,
				69021.880055114045,
				159692.0,
				0.0,
				0.0,
				-338446.19474649429,
				0.0,
				30160.136784741655,
				0.0,
				159692.0,
				0.0,
				-69021.880055114045,
				-30160.136784741655,
				0.0,
				0.0,
				0.0,
				159692.0
			],
			"source_node_id" : 0,
			"target_node_id" : 80,
			"transformation" : 
			[
				0.98071299961028491,
				0.030271784875945618,
				-0.19309487677258788,
				0.0,
				-0.03178383398969073,
				0.99948354153939245,
				-0.0047368859801156134,
				0.0,
				0.19285175729640711,
				0.010782821165970709,
				0.98116865546927767,
				0.0,
				-0.0063843503197320234,
				-0.54582240187363029,
				0.5005594035759533,
				1.0
			],
			"uncertain" : true,
			"version_major" : 1,
			"version_minor" : 0
		},
		{
			"class_name" : "PoseGraphEdge",
			"confidence" : 0.87365555852264931,
			"information" : 
			[
				625437.75400666683,
				15808.297549831714,
				-75351.192544756865,
				0.0,
				-279452.14312636852,
				-62976.51816572994,
				15808.297549831714,
				620321.21390367032,
				136954.3421635461,
				279452.14312636852,
				0.0,
				-35431.75225833361,
				-75351.192544756865,
				136954.3421635461,
				75490.724657735074,
				62976.51816572994,
				35431.75225833361,
				0.0,
				0.0,
				279452.14312636852,
				62976.51816572994,
				134846.0,
				0.0,
				0.0,
				-279452.14312636852,
				0.0,
				35431.75225833361,
				0.0,
				134846.0,
				0.0,
				-62976.51816572994,
				-35431.75225833361,
				0.0,
				0.0,
				0.0,
				134846.0
			],
			"source_node_id" : 0,
			"target_node_id" : 85,
			"transformation" : 
			[
				0.96594566234265944,
				0.062192916292533887,
				-0.25115934894889513,
				0.0,
				-0.058610266984691822,
				0.99804447291623866,
				0.021727095648779324,
				0.0,
				0.25201947148064974,
				-0.0062666772996457631,
				0.96770187286696707,
				0.0,
				0.041560995624776803,
				-0.60243409505961643,
				0.49296338687954799,
				1.0
			],
			"uncertain" : true,
			"version_major" : 1,
			"version_minor" : 0
		},
		{
			"class_name" : "PoseGraphEdge",
			"confidence" : 1.0,
			"information" : 
			[
				765917.00737697084,
				3236.3958616590185,
				-20171.513883930878,
				0.0,
				-418629.38664841652,
				-10914.768702758243,
				3236.3958616590185,
				800647.16460524232,
				33194.626206182009,
				418629.38664841652,
				0.0,
				-168.636988362181,
				-20171.513883930878,
				33194.626206182009,
				116605.81119265074,
				10914.768702758243,
				168.636988362181,
				0.0,
				0.0,
				418629.38664841652,
				10914.768702758243,
				246944.0,
				0.0,
				0.0,
				-418629.38664841652,
				0.0,
				168.636988362181,
				0.0,
				246944.0,
				0.0,
				-10914.768702758243,
				-168.636988362181,
				0.0,
				0.0,
				0.0,
				246944.0
			],
			"source_node_id" : 1,
			"target_node_id" : 2,
			"transformation" : 
			[
				0.99999784616233311,
				-0.0020674779275778941,
				0.00018222435235273223,
				0.0,
				0.002068479534320886,
				0.99998173294540238,
				-0.0056793633379722116,
				0.0,
				-0.00017047906530658649,
				0.0056797280328890181,
				0.99998385568286074,
				0.0,
				0.01394909910836363,
				0.012810508421017311,
				0.00068248259504363263,
				1.0
			],
			"uncertain" : false,
			"version_major" : 1,
			"version_minor" : 0
		},
		{
			"class_name" : "PoseGraphEdge",
			"confidence" : 1.0,
			"information" : 
			[
				776434.19593397994,
				3862.3922443788356,
				-18095.687744989104,
				0.0,
				-424348.12355577946,
				-13441.746819627238,
				3862.3922443788356,
				811022.72117488086,
				37698.479517913991,
				424348.12355577946,
				0.0,
				1174.9703808383783,
				-18095.687744989104,
				37698.479517913991,
				119228.43943147759,
				13441.746819627238,
				-1174.9703808383783,
				0.0,
				0.0,
				424348.12355577946,
				13441.746819627238,
				250502.0,
				0.0,
				0.0,
				-424348.12355577946,
				0.0,
				-1174.9703808383783,
				0.0,
				250502.0,
				0.0,
				-13441.746819627238,
				1174.9703808383783,
				0.0,
				0.0,
				0.0,
				250502.0
			],
			"source_node_id" : 2,
			"target_node_id" : 3,
			"transformation" : 
			[
				0.99999754014203279,
				-0.0016774988689241567,
				-0.0014511055882467983,
				0.0,
				0.0016779810641326101,
				0.99999853736138022,
				0.00033114143580626409,
				0.0,
				0.0014505479764197037,
				-0.00033357554894449713,
				0.99999889231834682,
				0.0,
				0.005845600149112804,
				0.0071567975073544062,
				8.7478822941993296e-05,
				1.0
			],
			"uncertain" : false,
			"version_major" : 1,
			"version_minor" : 0
		},
		{
			"class_name" : "PoseGraphEdge",
			"confidence" : 1.0,
			"information" : 
			[
				775977.00431259163,
				4361.3462076616661,
				-15596.315731970406,
				0.0,
				-424079.14824986458,
				-13378.726375730243,
				4361.3462076616661,
				811305.77896366781,
				37493.759760253663,
				424079.14824986458,
				0.0,
				2718.357150765718,
				-15596.315731970406,
				37493.759760253663,
				118369.88888982058,
				13378.726375730243,
				-2718.357150765718,
				0.0,
				0.0,
				424079.14824986458,
				13378.726375730243,
				250047.0,
				0.0,
				0.0,
				-424079.14824986458,
				0.0,
				-2718.357150765718,
				0.0,
				250047.0,
				0.0,
				-13378.726375730243,
				2718.357150765718,
				0.0,
				0.0,
				0.0,
				250047.0
			],
			"source_node_id" : 3,
			"target_node_id" : 4,
			"transformation" : 
			[
				0.99999393827516703,
				-0.0025154845124196953,
				0.0024074365182346923,
				0.0,
				0.0025219562013987441,
				0.99999320459823493,
				-0.0026889578409984701,
				0.0,
				-0.0024006561269327474,
				0.002695012990732585,
				0.99999348685635969,
				0.0,
				0.0054631849136158404,
				0.0060702489951746513,
				4.1385167186338894e-05,
				1.0
			],
			"uncertain" : false,
			"version_major" : 1,
			"version_minor" : 0
		},
		{
			"class_name" : "PoseGraphEdge",
			"confidence" : 1.0,
			"information" : 
			[
				774465.47578344564,
				5497.0487376582851,
				-14731.256025378123,
				0.0,
				-422873.90709960461,
				-14631.761056013638,
				5497.0487376582851,
				808550.8825546992,
				39835.903716055735,
				422873.90709960461,
				0.0,
				3027.0550837280462,
				-14731.256025378123,
				39835.903716055735,
				116884.37111976798,
				14631.761056013638,
				-3027.0550837280462,
				0.0,
				0.0,
				422873.90709960461,
				14631.761056013638,
				249035.0,
				0.0,
				0.0,
				-422873.90709960461,
				0.0,
				-3027.0550837280462,
				0.0,
				249035.0,
				0.0,
				-14631.761056013638,
				3027.0550837280462,
				0.0,
				0.0,
				0.0,
				249035.0
			],
			"source_node_id" : 4,
			"target_node_id" : 5,
			"transformation" : 
			[
				0.99998957810301792,
				-0.0045456295441590692,
				-0.00042536736680168913,
				0.0,
				0.0045451469807729992,
				0.9999890338511398,
				-0.0011286347447009564,
				0.0,
				0.00043049305759990092,
				0.0011266896249829761,
				0.99999927262284316,
				0.0,
				0.0066316075251033942,
				0.0041021928288957517,
				0.0021775098190669434,
				1.0
			],
			"uncertain" : false,
			"version_major" : 1,
			"version_minor" : 0
		},
		{
			"class_name" : "PoseGraphEdge",
			"confidence" : 1.0,
			"information" : 
			[
				774982.7068752246,
				5535.1239134723419,
				-12777.926058924559,
				0.0,
				-422928.60615932941,
				-15177.983095794683,
				5535.1239134723419,
				808456.90544473892,
				40840.62008735066,
				422928.60615932941,
				0.0,
				4135.8960661921883,
				-12777.926058924559,
				40840.62008735066,
				117306.08335146213,
				15177.983095794683,
				-4135.8960661921883,
				0.0,
				0.0,
				422928.60615932941,
				15177.983095794683,
				249096.0,
				0.0,
				0.0,
				-422928.60615932941,
				0.0,
				-4135.8960661921883,
				0.0,
				249096.0,
				0.0,
				-15177.983095794683,
				4135.8960661921883,
				0.0,
				0.0,
				0.0,
				249096.0
			],
			"source_node_id" : 5,
			"target_node_id" : 6,
			"transformation" : 
			[
				0.99999093243391912,
				-0.0036590229629700414,
				-0.0021786695249877315,
				0.0,
				0.0036565208058785261,
				0.9999926520891973,
				-0.0011513571160861949,
				0.0,
				0.0021828663584447347,
				0.0011433803256322103,
				0.99999696388333692,
				0.0,
				0.0026998437596359877,
				-0.00067920189810925596,
				0.0030031556843210334,
				1.0
			],
			"uncertain" : false,
			"version_major" : 1,
			"version_minor" : 0
		},
		{
			"class_name" : "PoseGraphEdge",
			"confidence" : 0.9964560546851241,
			"information" : 
			[
				736588.5991833671,
				4320.6277678940087,
				-22612.276429805959,
				0.0,
				-402098.09828412533,
				-19641.746971767861,
				4320.6277678940087,
				766284.85413647641,
				46794.351033025458,
				402098.09828412533,
				0.0,
				-3267.548340773792,
				-22612.276429805959,
				46794.351033025458,
				105849.75291402843,
				19641.746971767861,
				3267.548340773792,
				0.0,
				0.0,
				402098.09828412533,
				19641.746971767861,
				235937.0,
				0.0,
				0.0,
				-402098.09828412533,
				0.0,
				3267.548340773792,
				0.0,
				235937.0,
				0.0,
				-19641.746971767861,
				-3267.548340773792,
				0.0,
				0.0,
				0.0,
				235937.0
			],
			"source_node_id" : 5,
			"target_node_id" : 10,
			"transformation" : 
			[
				0.99994371685732941,
				0.002590249529267175,
				-0.010288523943020982,
				0.0,
				-0.0023286018578412603,
				0.99967561830969698,
				0.025362093180819664,
				0.0,
				0.010350880684156539,
				-0.025336707846542156,
				0.99962538508411247,
				0.0,
				0.037454080353020856,
				-0.011500888073539408,
				0.017903350087764881,
				1.0
			],
			"uncertain" : true,
			"version_major" : 1,
			"version_minor" : 0
		},
		{
			"class_name" : "PoseGraphEdge",
			"confidence" : 0.9911614371581986,
			"information" : 
			[
				707579.21595884464,
				4563.4979723553279,
				-37157.529152255156,
				0.0,
				-380521.55350542068,
				-26005.873289759737,
				4563.4979723553279,
				731642.03458807792,
				56733.310105802848,
				380521.55350542068,
				0.0,
				-13468.69707484066,
				-37157.529152255156,
				56733.310105802848,
				93708.082680105916,
				26005.873289759737,
				13468.69707484066,
				0.0,
				0.0,
				380521.55350542068,
				26005.873289759737,
				218854.0,
				0.0,
				0.0,
				-380521.55350542068,
				0.0,
				13468.69707484066,
				0.0,
				218854.0,
				0.0,
				-26005.873289759737,
				-13468.69707484066,
				0.0,
				0.0,
				0.0,
				218854.0
			],
			"source_node_id" : 5,
			"target_node_id" : 15,
			"transformation" : 
			[
				0.99868310315802111,
				0.031571803641379619,
				-0.040438603851958396,
				0.0,
				-0.030279846029579015,
				0.99902355860140923,
				0.032172352786256665,
				0.0,
				0.041414857129904989,
				-0.030905510418184862,
				0.9986639369851612,
				0.0,
				0.066671147627952412,
				-0.054729367623150928,
				0.058877532235582682,
				1.0
			],
			"uncertain" : true,
			"version_major" : 1,
			"version_minor" : 0
		},
		{
			"class_name" : "PoseGraphEdge",
			"confidence" : 0.97855031264453063,
			"information" : 
			[
				692549.43355354283,
				5268.0705526375132,
				-42039.543309029606,
				0.0,
				-364322.74720263481,
				-35501.383787682396,
				5268.0705526375132,
				715212.46329655813,
				73566.594994333893,
				364322.74720263481,
				0.0,
				-16433.212877320475,
				-42039.543309029606,
				73566.594994333893,
				88607.037770973067,
				35501.383787682396,
				16433.212877320475,
				0.0,
				0.0,
				364322.74720263481,
				35501.383787682396,
				204381.0,
				0.0,
				0.0,
				-364322.74720263481,
				0.0,
				16433.212877320475,
				0.0,
				204381.0,
				0.0,
				-35501.383787682396,
				-16433.212877320475,
				0.0,
				0.0,
				0.0,
				204381.0
			],
			"source_node_id" : 5,
			"target_node_id" : 20,
			"transformation" : 
			[
				0.9977530343682649,
				0.048033448946946361,
				-0.046708352477692186,
				0.0,
				-0.045629188817146865,
				0.99764317380037126,
				0.051245242680782378,
				0.0,
				0.049059754756912391,
				-0.048998832147145996,
				0.99759323118764487,
				0.0,
				0.070598356123074593,
				-0.11578198822901015,
				0.10663017810367276,
				1.0
			],
			"uncertain" : true,
			"version_major" : 1,
			"version_minor" : 0
		},
		{
			"class_name" : "PoseGraphEdge",
			"confidence" : 0.99813932295162,
			"information" : 
			[
				692534.62696084077,
				5863.011829009125,
				-43492.827957949848,
				0.0,
				-357693.98072099686,
				-41986.464814385399,
				5863.011829009125,
				714171.68200134963,
				86205.034207812379,
				357693.98072099686,
				0.0,
				-17187.522262389306,
				-43492.827957949848,
				86205.034207812379,
				87698.87108428737,
				41986.464814385399,
				17187.522262389306,
				0.0,
				0.0,
				357693.98072099686,
				41986.464814385399,
				196986.0,
				0.0,
				0.0,
				-357693.98072099686,
				0.0,
				17187.522262389306,
				0.0,
				196986.0,
				0.0,
				-41986.464814385399,
				-17187.522262389306,
				0.0,
				0.0,
				0.0,
				196986.0
			],
			"source_node_id" : 5,
			"target_node_id" : 25,
			"transformation" : 
			[
				0.99757597583477131,
				0.050703140286062737,
				-0.047658829218048489,
				0.0,
				-0.047777823460510863,
				0.99701584454234682,
				0.060635676931045428,
				0.0,
				0.050591027096507223,
				-0.058211659456174861,
				0.99702153972754215,
				0.0,
				0.066740939707673488,
				-0.16567602773865886,
				0.14451086829052454,
				1.0
			],
			"uncertain" : true,
			"version_major" : 1,
			"version_minor" : 0
		},
		{
			"class_name" : "PoseGraphEdge",
			"confidence" : 0.98129657451187857,
			"information" : 
			[
				688245.83229869476,
				6006.1527063955855,
				-42088.398081561907,
				0.0,
				-349639.20073914528,
				-47598.810561114457,
				6006.1527063955855,
				708015.05394560052,
				97345.246300922212,
				349639.20073914528,
				0.0,
				-16596.928575112135,
				-42088.398081561907,
				97345.246300922212,
				86800.702536243567,
				47598.810561114457,
				16596.928575112135,
				0.0,
				0.0,
				349639.20073914528,
				47598.810561114457,
				189487.0,
				0.0,
				0.0,
				-349639.20073914528,
				0.0,
				16596.928575112135,
				0.0,
				189487.0,
				0.0,
				-47598.810561114457,
				-16596.928575112135,
				0.0,
				0.0,
				0.0,
				189487.0
			],
			"source_node_id" : 5,
			"target_node_id" : 30,
			"transformation" : 
			[
				0.99779428614126664,
				0.04135393590262005,
				-0.051927011556626768,
				0.0,
				-0.037821589178494042,
				0.99701854090322584,
				0.067257389833486447,
				0.0,
				0.05455355108380449,
				-0.065145077178266383,
				0.99638347486476586,
				0.0,
				0.053759753044636989,
				-0.21881307810730716,
				0.17878673559545025,
				1.0
			],
			"uncertain" : true,
			"version_major" : 1,
			"version_minor" : 0
		},
		{
			"class_name" : "PoseGraphEdge",
			"confidence" : 0.96419984540626325,
			"information" : 
			[
				674116.03467222443,
				6097.7260915177276,
				-41363.492442088616,
				0.0,
				-337716.81964206696,
				-51724.364452199312,
				6097.7260915177276,
				691383.95341464155,
				105393.85314857757,
				337716.81964206696,
				0.0,
				-16109.480865091551,
				-41363.492442088616,
				105393.85314857757,
				85295.58439902286,
				51724.364452199312,
				16109.480865091551,
				0.0,
				0.0,
				337716.81964206696,
				51724.364452199312,
				180805.0,
				0.0,
				0.0,
				-337716.81964206696,
				0.0,
				16109.480865091551,
				0.0,
				180805.0,
				0.0,
				-51724.364452199312,
				-16109.480865091551,
				0.0,
				0.0,
				0.0,
				180805.0
			],
			"source_node_id" : 5,
			"target_node_id" : 35,
			"transformation" : 
			[
				0.99598475730982283,
				0.06927922355259776,
				-0.05669878649883861,
				0.0,
				-0.06523125075358753,
				0.99538544686639396,
				0.070375394078549078,
				0.0,
				0.061312699594898719,
				-0.066394287032377139,
				0.99590790313052968,
				0.0,
				0.038340719818379276,
				-0.27220580694281993,
				0.20664348824245396,
				1.0
			],
			"uncertain" : true,
			"version_major" : 1,
			"version_minor" : 0
		},
		{
			"class_name" : "PoseGraphEdge",
			"confidence" : 0.99435148389663075,
			"information" : 
			[
				696012.23183848266,
				4982.605299813049,
				-27555.141417387938,
				0.0,
				-340351.72445976734,
				-57675.288880422129,
				4982.605299813049,
				711694.96661289386,
				119032.74887593721,
				340351.72445976734,
				0.0,
				-7959.7896908757975,
				-27555.141417387938,
				119032.74887593721,
				89215.286792875952,
				57675.288880422129,
				7959.7896908757975,
				0.0,
				0.0,
				340351.72445976734,
				57675.288880422129,
				178365.0,
				0.0,
				0.0,
				-340351.72445976734,
				0.0,
				7959.7896908757975,
				0.0,
				178365.0,
				0.0,
				-57675.288880422129,
				-7959.7896908757975,
				0.0,
				0.0,
				0.0,
				178365.0
			],
			"source_node_id" : 5,
			"target_node_id" : 40,
			"transformation" : 
			[
				0.99812693244589767,
				0.043551909163814573,
				-0.042963448817910345,
				0.0,
				-0.040513151557125621,
				0.99677783448496227,
				0.069228846808112393,
				0.0,
				0.045840061922424673,
				-0.067358591787971794,
				0.9966752273610946,
				0.0,
				0.0014832973117927869,
				-0.31870566104587966,
				0.24203103937385034,
				1.0
			],
			"uncertain" : true,
			"version_major" : 1,
			"version_minor" : 0
		},
		{
			"class_name" : "PoseGraphEdge",
			"confidence" : 0.98595228743440377,
			"information" : 
			[
				692183.64032305533,
				7723.1309472763851,
				-49744.277309816622,
				0.0,
				-332112.25315177441,
				-55911.094368747436,
				7723.1309472763851,
				703080.67817385017,
				117585.54028007539,
				332112.25315177441,
				0.0,
				-21572.708890871843,
				-49744.277309816622,
				117585.54028007539,
				83847.53099154697,
				55911.094368747436,
				21572.708890871843,
				0.0,
				0.0,
				332112.25315177441,
				55911.094368747436,
				170293.0,
				0.0,
				0.0,
				-332112.25315177441,
				0.0,
				21572.708890871843,
				0.0,
				170293.0,
				0.0,
				-55911.094368747436,
				-21572.708890871843,
				0.0,
				0.0,
				0.0,
				170293.0
			],
			"source_node_id" : 5,
			"target_node_id" : 45,
			"transformation" : 
			[
				0.9924907835109601,
				0.051947605759840088,
				-0.11074064701644779,
				0.0,
				-0.046264452163154383,
				0.99750693188219119,
				0.053287158988086676,
				0.0,
				0.11323270336720068,
				-0.04776365880875047,
				0.99241976390303488,
				0.0,
				0.022116413679604784,
				-0.34895335747568501,
				0.29959064270575125,
				1.0
			],
			"uncertain" : true,
			"version_major" : 1,
			"version_minor" : 0
		},
		{
			"class_name" : "PoseGraphEdge",
			"confidence" : 0.2709758942910494,
			"information" : 
			[
				704239.67409664358,
				8036.9932848615254,
				-34202.960537086634,
				0.0,
				-324223.91735327244,
				-60585.088361166418,
				8036.9932848615254,
				705504.4824532317,
				131405.96214902704,
				324223.91735327244,
				0.0,
				-12994.872440934996,
				-34202.960537086634,
				131405.96214902704,
				82218.451059583938,
				60585.088361166418,
				12994.872440934996,
				0.0,
				0.0,
				324223.91735327244,
				60585.088361166418,
