{
	"class_name" : "PoseGraph",
	"edges" : 
	[
		{
			"class_name" : "PoseGraphEdge",
			"confidence" : 1.0,
			"information" : 
			[
				690615.25465481449,
				-1431.15143122466,
				-12852.060224954088,
				0.0,
				-373959.19364780188,
				-36092.628605386941,
				-1431.15143122466,
				713757.2311351581,
				108923.55468623801,
				373959.19364780188,
				0.0,
				-715.54168662877055,
				-12852.060224954088,
				108923.55468623801,
				108892.26424877715,
				36092.628605386941,
				715.54168662877055,
				0.0,
				0.0,
				373959.19364780188,
				36092.628605386941,
				258608.0,
				0.0,
				0.0,
				-373959.19364780188,
				0.0,
				715.54168662877055,
				0.0,
				258608.0,
				0.0,
				-36092.628605386941,
				-715.54168662877055,
				0.0,
				0.0,
				0.0,
				258608.0
			],
			"source_node_id" : 0,
			"target_node_id" : 1,
			"transformation" : 
			[
				0.9999905429962026,
				0.0040654757767022076,
				-0.0015446115591848609,
				0.0,
				-0.0040653881555199256,
				0.99999173448365286,
				5.9862504892342992e-05,
				0.0,
				0.0015448421617363418,
				-5.3582493234817135e-05,
				0.99999880529509155,
				0.0,
				-0.0088466625892955793,
				-0.0011885729174720685,
				0.001328695992273885,
				1.0
			],
			"uncertain" : false,
			"version_major" : 1,
			"version_minor" : 0
		},
		{
			"class_name" : "PoseGraphEdge",
			"confidence" : 0.99548401706528888,
			"information" : 
			[
				673502.49227441498,
				-2172.976047436578,
				-6002.6283203640878,
				0.0,
				-363963.51403486729,
				-35491.452970285434,
				-2172.976047436578,
				693998.45576486643,
				106403.5121388243,
				363963.51403486729,
				0.0,
				3446.1153043678496,
				-6002.6283203640878,
				106403.5121388243,
				104333.31091410217,
				35491.452970285434,
				-3446.1153043678496,
				0.0,
				0.0,
				363963.51403486729,
				35491.452970285434,
				250342.0,
				0.0,
				0.0,
				-363963.51403486729,
				0.0,
				-3446.1153043678496,
				0.0,
				250342.0,
				0.0,
				-35491.452970285434,
				3446.1153043678496,
				0.0,
				0.0,
				0.0,
				250342.0
			],
			"source_node_id" : 0,
			"target_node_id" : 5,
			"transformation" : 
			[
				0.99998611740645738,
				0.0046848953696583418,
				0.0024117938828846219,
				0.0,
				-0.0046963178517926956,
				0.99997767930683545,
				0.0047524190420258757,
				0.0,
				-0.0023894754640087163,
				-0.0047636796167907633,
				0.99998579878092042,
				0.0,
				-0.035715237695249494,
				0.0032456392711369682,
				0.0026552349680834912,
				1.0
			],
			"uncertain" : true,
			"version_major" : 1,
			"version_minor" : 0
		},
		{
			"class_name" : "PoseGraphEdge",
			"confidence" : 0.99401817747099008,
			"information" : 
			[
				607695.07085166092,
				-2955.2440873456362,
				3231.1136630352762,
				0.0,
				-325919.73453193903,
				-32575.534652288537,
				-2955.2440873456362,
				622633.67126255273,
				94087.215009913445,
				325919.73453193903,
				0.0,
				8053.6127136528376,
				3231.1136630352762,
				94087.215009913445,
				90385.655303016581,
				32575.534652288537,
				-8053.6127136528376,
				0.0,
				0.0,
				325919.73453193903,
				32575.534652288537,
				215754.0,
				0.0,
				0.0,
				-325919.73453193903,
				0.0,
				-8053.6127136528376,
				0.0,
				215754.0,
				0.0,
				-32575.534652288537,
				8053.6127136528376,
				0.0,
				0.0,
				0.0,
				215754.0
			],
			"source_node_id" : 0,
			"target_node_id" : 10,
			"transformation" : 
			[
				0.99952127563317317,
				-0.0069449172367504614,
				0.030149422568419591,
				0.0,
				0.0058432110734771723,
				0.99931740679459125,
				0.036477079950076659,
				0.0,
				-0.030382173078719064,
				-0.036283448043263111,
				0.99887958981906666,
				0.0,
				-0.055390616271052052,
				0.063890239713956715,
				-0.008026399380620006,
				1.0
			],
			"uncertain" : true,
			"version_major" : 1,
			"version_minor" : 0
		},
		{
			"class_name" : "PoseGraphEdge",
			"confidence" : 0.98574601235682502,
			"information" : 
			[
				607691.15452338872,
				-3412.911233261239,
				5337.4488086791453,
				0.0,
				-318189.82201391459,
				-32216.470257914625,
				-3412.911233261239,
				622653.9988054533,
				91435.760888719029,
				318189.82201391459,
				0.0,
				8234.2556805666536,
				5337.4488086791453,
				91435.760888719029,
				89971.304162531567,
				32216.470257914625,
				-8234.2556805666536,
				0.0,
				0.0,
				318189.82201391459,
				32216.470257914625,
				200174.0,
				0.0,
				0.0,
				-318189.82201391459,
				0.0,
				-8234.2556805666536,
				0.0,
				200174.0,
				0.0,
				-32216.470257914625,
				8234.2556805666536,
				0.0,
				0.0,
				0.0,
				200174.0
			],
			"source_node_id" : 0,
			"target_node_id" : 15,
			"transformation" : 
			[
				0.99933947292544067,
				-0.011544236089984094,
				0.03445792312664215,
				0.0,
				0.0099471882729821638,
				0.99888431618806361,
				0.046164665264319296,
				0.0,
				-0.034952414774443157,
				-0.045791412804187415,
				0.99833935874272373,
				0.0,
				-0.054132024005010979,
				0.11947073537157861,
				-0.01251708379223807,
				1.0
			],
			"uncertain" : true,
			"version_major" : 1,
			"version_minor" : 0
		},
		{
			"class_name" : "PoseGraphEdge",
			"confidence" : 0.98439646254240543,
			"information" : 
			[
				613728.07331594673,
				-3597.4058692073277,
				1528.9642250277413,
				0.0,
				-316248.51755642891,
				-26833.894779355382,
				-3597.4058692073277,
				635829.49183083011,
				79505.17443434005,
				316248.51755642891,
				0.0,
				5542.0413639546605,
				1528.9642250277413,
				79505.17443434005,
				89025.469433308841,
				26833.894779355382,
				-5542.0413639546605,
				0.0,
				0.0,
				316248.51755642891,
				26833.894779355382,
				190202.0,
				0.0,
				0.0,
				-316248.51755642891,
				0.0,
				-5542.0413639546605,
				0.0,
				190202.0,
				0.0,
				-26833.894779355382,
				5542.0413639546605,
				0.0,
				0.0,
				0.0,
				190202.0
			],
			"source_node_id" : 0,
			"target_node_id" : 20,
			"transformation" : 
			[
				0.99973775397550657,
				0.0025962400882461453,
				0.022752644097201714,
				0.0,
				-0.0034073862396863091,
				0.99935728952413383,
				0.035684696916058939,
				0.0,
				-0.022645374693816465,
				-0.035752865792570747,
				0.99910405844065908,
				0.0,
				-0.040577966805860004,
				0.16599516053922514,
				-0.014410683828665389,
				1.0
			],
			"uncertain" : true,
			"version_major" : 1,
			"version_minor" : 0
		},
		{
			"class_name" : "PoseGraphEdge",
			"confidence" : 0.94953276994511993,
			"information" : 
			[
				608515.86863475223,
				-3381.4265190222609,
				-9090.1735429386081,
				0.0,
				-311184.05732041597,
				-21296.476254711743,
				-3381.4265190222609,
				636120.22817881673,
				66589.96491960308,
				311184.05732041597,
				0.0,
				-251.4204229869647,
				-9090.1735429386081,
				66589.96491960308,
				87205.669315017352,
				21296.476254711743,
				251.4204229869647,
				0.0,
				0.0,
				311184.05732041597,
				21296.476254711743,
				181718.0,
				0.0,
				0.0,
				-311184.05732041597,
				0.0,
				251.4204229869647,
				0.0,
				181718.0,
				0.0,
				-21296.476254711743,
				-251.4204229869647,
				0.0,
				0.0,
				0.0,
				181718.0
			],
			"source_node_id" : 0,
			"target_node_id" : 25,
			"transformation" : 
			[
				0.99933680301578498,
				0.024302840584990389,
				0.027116896535008973,
				0.0,
				-0.02526701681723046,
				0.999039539033726,
				0.035799124408831984,
				0.0,
				-0.026220831400770507,
				-0.036460545618267462,
				0.99899103930609412,
				0.0,
				0.017155895221320518,
				0.22241727635074598,
				-0.018079771910063311,
				1.0
			],
			"uncertain" : true,
			"version_major" : 1,
			"version_minor" : 0
		},
		{
			"class_name" : "PoseGraphEdge",
			"confidence" : 0.93641266016443814,
			"information" : 
			[
				604333.50723081967,
				-3517.6893726597314,
				-15772.679643233792,
				0.0,
				-309968.46413272619,
				-20556.884325020364,
				-3517.6893726597314,
				632635.99281184899,
				64700.768654498563,
				309968.46413272619,
				0.0,
				-4244.4044758267119,
				-15772.679643233792,
				64700.768654498563,
				87341.508343965936,
				20556.884325020364,
				4244.4044758267119,
				0.0,
				0.0,
				309968.46413272619,
				20556.884325020364,
				181226.0,
				0.0,
				0.0,
				-309968.46413272619,
				0.0,
				4244.4044758267119,
				0.0,
				181226.0,
				0.0,
				-20556.884325020364,
				-4244.4044758267119,
				0.0,
				0.0,
				0.0,
				181226.0
			],
			"source_node_id" : 0,
			"target_node_id" : 30,
			"transformation" : 
			[
				0.99923532967004292,
				0.023741030785993957,
				0.031066370827964387,
				0.0,
				-0.024969710493084447,
				0.99889646869740256,
				0.039778868532808424,
				0.0,
				-0.030087696772828212,
				-0.040524169097927665,
				0.99872544887062331,
				0.0,
				0.068835143511474434,
				0.23512764205838363,
				-0.019821714664333235,
				1.0
			],
			"uncertain" : true,
			"version_major" : 1,
			"version_minor" : 0
		},
		{
			"class_name" : "PoseGraphEdge",
			"confidence" : 0.88956824686231728,
			"information" : 
			[
				604345.63244037307,
				-2497.7518869900327,
				-25543.987496675658,
				0.0,
				-309812.36284422874,
				-22033.078124702675,
				-2497.7518869900327,
				631921.0547598846,
				67563.088615027329,
				309812.36284422874,
				0.0,
				-10419.979347097513,
				-25543.987496675658,
				67563.088615027329,
				87736.9284636386,
				22033.078124702675,
				10419.979347097513,
				0.0,
				0.0,
				309812.36284422874,
				22033.078124702675,
				181203.0,
				0.0,
				0.0,
				-309812.36284422874,
				0.0,
				10419.979347097513,
				0.0,
				181203.0,
				0.0,
				-22033.078124702675,
				-10419.979347097513,
				0.0,
				0.0,
				0.0,
				181203.0
			],
			"source_node_id" : 0,
			"target_node_id" : 35,
			"transformation" : 
			[
				0.99801735510063594,
				-0.0030523475795920167,
				0.062865269363813855,
				0.0,
				0.00016430995602727548,
				0.99894629556959869,
				0.045894134374834826,
				0.0,
				-0.062939112800943262,
				-0.045792813213761038,
				0.99696624132304501,
				0.0,
				0.16623482742956269,
				0.23641766970306163,
				-0.014723424570420597,
				1.0
			],
			"uncertain" : true,
			"version_major" : 1,
			"version_minor" : 0
		},
		{
			"class_name" : "PoseGraphEdge",
			"confidence" : 0.95135112024745483,
			"information" : 
			[
				588056.5176415937,
				-705.36013747403013,
				-31381.259382627224,
				0.0,
				-300166.22336411476,
				-21529.734772326308,
				-705.36013747403013,
				614952.17850876122,
				65634.530601960054,
				300166.22336411476,
				0.0,
				-14555.371833937766,
				-31381.259382627224,
				65634.530601960054,
				83039.865089504383,
				21529.734772326308,
				14555.371833937766,
				0.0,
				0.0,
				300166.22336411476,
				21529.734772326308,
				173765.0,
				0.0,
				0.0,
				-300166.22336411476,
				0.0,
				14555.371833937766,
				0.0,
				173765.0,
				0.0,
				-21529.734772326308,
				-14555.371833937766,
				0.0,
				0.0,
				0.0,
				173765.0
			],
			"source_node_id" : 0,
			"target_node_id" : 40,
			"transformation" : 
			[
				0.99576167492108714,
				-0.032893250004700711,
				0.08588783885090541,
				0.0,
				0.02917544604506107,
				0.99859707130594666,
				0.044189167532984915,
				0.0,
				-0.087220869672473403,
				-0.041496063467692176,
				0.99532436753566056,
				0.0,
				0.26310836651771574,
				0.24494582586462735,
				-0.011694200718712527,
				1.0
			],
			"uncertain" : true,
			"version_major" : 1,
			"version_minor" : 0
		},
		{
			"class_name" : "PoseGraphEdge",
			"confidence" : 0.94877547649678773,
			"information" : 
			[
				563070.54193941748,
				373.10308130724451,
				-36288.154709205373,
				0.0,
				-286102.68532305956,
				-19197.161596282152,
				373.10308130724451,
				588537.17388448818,
				59611.355825951519,
				286102.68532305956,
				0.0,
				-18111.462185216718,
				-36288.154709205373,
				59611.355825951519,
				75703.868335697014,
				19197.161596282152,
				18111.462185216718,
				0.0,
				0.0,
				286102.68532305956,
				19197.161596282152,
				163514.0,
				0.0,
				0.0,
				-286102.68532305956,
				0.0,
				18111.462185216718,
				0.0,
				163514.0,
				0.0,
				-19197.161596282152,
				-18111.462185216718,
				0.0,
				0.0,
				0.0,
				163514.0
			],
			"source_node_id" : 0,
			"target_node_id" : 45,
			"transformation" : 
			[
				0.99440916023524706,
				-0.049749156235240684,
				0.093142060821697417,
				0.0,
				0.046622746009789287,
				0.99828341668223475,
				0.035447701360601762,
				0.0,
				-0.094745667947077242,
				-0.030906980297747917,
				0.99502161633511088,
				0.0,
				0.34495745976275616,
				0.25206090642210444,
				-0.011467448030727929,
				1.0
			],
			"uncertain" : true,
			"version_major" : 1,
			"version_minor" : 0
		},
		{
			"class_name" : "PoseGraphEdge",
			"confidence" : 0.98588998265860395,
			"information" : 
			[
				499997.64573195687,
				1664.2114014329757,
				-41979.01666809836,
				0.0,
				-255077.56077367067,
				-18451.861338387476,
				1664.2114014329757,
				518058.59207439219,
				55283.144500950715,
				255077.56077367067,
				0.0,
				-22309.406463248597,
				-41979.01666809836,
				55283.144500950715,
				62608.451170844492,
				18451.861338387476,
				22309.406463248597,
				0.0,
				0.0,
				255077.56077367067,
				18451.861338387476,
				146021.0,
				0.0,
				0.0,
				-255077.56077367067,
				0.0,
				22309.406463248597,
				0.0,
				146021.0,
				0.0,
				-18451.861338387476,
				-22309.406463248597,
				0.0,
				0.0,
				0.0,
				146021.0
			],
			"source_node_id" : 0,
			"target_node_id" : 50,
			"transformation" : 
			[
				0.99748293227479834,
				-0.036280815786924117,
				0.060922099654433563,
				0.0,
				0.034087916918226893,
				0.9987463558363362,
				0.03665693145663855,
				0.0,
				-0.062175668397255801,
				-0.034487956006059917,
				0.99746918105266746,
				0.0,
				0.40856409245161585,
				0.26703129814706633,
				-0.032164166786263403,
				1.0
			],
			"uncertain" : true,
			"version_major" : 1,
			"version_minor" : 0
		},
		{
			"class_name" : "PoseGraphEdge",
			"confidence" : 0.97048216815426547,
			"information" : 
			[
				452204.89943814778,
				3319.4767107752114,
				-46028.228454274264,
				0.0,
				-231745.6969062686,
				-19915.288373877876,
				3319.4767107752114,
				465596.74879555259,
				55648.734701205853,
				231745.6969062686,
				0.0,
				-24982.682478029921,
				-46028.228454274264,
				55648.734701205853,
				55885.492564132983,
				19915.288373877876,
				24982.682478029921,
				0.0,
				0.0,
				231745.6969062686,
				19915.288373877876,
				133535.0,
				0.0,
				0.0,
				-231745.6969062686,
				0.0,
				24982.682478029921,
				0.0,
				133535.0,
				0.0,
				-19915.288373877876,
				-24982.682478029921,
				0.0,
				0.0,
				0.0,
				133535.0
			],
			"source_node_id" : 0,
			"target_node_id" : 55,
			"transformation" : 
			[
				0.998607114813443,
				-0.034486880700093307,
				0.039931006793570617,
				0.0,
				0.032796039292840563,
				0.99856857777391617,
				0.042251808118464705,
				0.0,
				-0.041330981728881111,
				-0.04088337733302673,
				0.99830871948870215,
				0.0,
				0.46661387667065413,
				0.27078841809587767,
				-0.06135809551139184,
				1.0
			],
			"uncertain" : true,
			"version_major" : 1,
			"version_minor" : 0
		},
		{
			"class_name" : "PoseGraphEdge",
			"confidence" : 0.96260816461486154,
			"information" : 
			[
				424651.00475555198,
				4446.875112157124,
				-50695.478933907456,
				0.0,
				-218378.78911745548,
				-18718.930897978018,
				4446.875112157124,
				439297.5435267078,
				51280.280103301062,
				218378.78911745548,
				0.0,
				-27397.474217158393,
				-50695.478933907456,
				51280.280103301062,
				52778.505129147241,
				18718.930897978018,
				27397.474217158393,
				0.0,
				0.0,
				218378.78911745548,
				18718.930897978018,
				125431.0,
				0.0,
				0.0,
				-218378.78911745548,
				0.0,
				27397.474217158393,
				0.0,
				125431.0,
				0.0,
				-18718.930897978018,
				-27397.474217158393,
				0.0,
				0.0,
				0.0,
				125431.0
			],
			"source_node_id" : 0,
			"target_node_id" : 60,
			"transformation" : 
			[
				0.99890622094503878,
				-0.040223197810762196,
				0.023842317739206483,
				0.0,
				0.039372890172842498,
				0.99860719915598539,
				0.035120326212550179,
				0.0,
				-0.025221761967361922,
				-0.034143171377523582,
				0.99909864706721851,
				0.0,
				0.493037572863192,
				0.27688425459738203,
				-0.092959089426260633,
				1.0
			],
			"uncertain" : true,
			"version_major" : 1,
			"version_minor" : 0
		},
		{
			"class_name" : "PoseGraphEdge",
			"confidence" : 0.93350034387556358,
			"information" : 
			[
				402500.35278556909,
				5442.1250842604477,
				-55681.867653173511,
				0.0,
				-206975.32138639688,
				-18138.561812984874,
				5442.1250842604477,
				418692.63159648411,
				48349.921675896803,
				206975.32138639688,
				0.0,
				-29992.420951737498,
				-55681.867653173511,
				48349.921675896803,
				51058.730245171988,
				18138.561812984874,
				29992.420951737498,
				0.0,
				0.0,
				206975.32138639688,
				18138.561812984874,
				118032.0,
				0.0,
				0.0,
				-206975.32138639688,
				0.0,
				29992.420951737498,
				0.0,
				118032.0,
				0.0,
				-18138.561812984874,
				-29992.420951737498,
				0.0,
				0.0,
				0.0,
				118032.0
			],
			"source_node_id" : 0,
			"target_node_id" : 65,
			"transformation" : 
			[
				0.99785279715065833,
				-0.057829145422714445,
				0.030750368425180419,
				0.0,
				0.056816948063440134,
				0.99784466937414851,
				0.032830629210409835,
				0.0,
				-0.032582658445285441,
				-0.03101299310407837,
				0.99898777000890515,
				0.0,
				0.57009686698805573,
				0.2851415347785563,
				-0.11274120600948222,
				1.0
			],
			"uncertain" : true,
			"version_major" : 1,
			"version_minor" : 0
		},
		{
			"class_name" : "PoseGraphEdge",
			"confidence" : 0.95005080180612467,
			"information" : 
			[
				385405.4809985765,
				5023.5217145792194,
				-58484.530417143986,
				0.0,
				-198209.37870401144,
				-16373.573194185738,
				5023.5217145792194,
				402307.58896449994,
				43892.011103770245,
				198209.37870401144,
				0.0,
				-31447.808956269058,
				-58484.530417143986,
				43892.011103770245,
				48645.588156164711,
				16373.573194185738,
				31447.808956269058,
				0.0,
				0.0,
				198209.37870401144,
				16373.573194185738,
				112383.0,
				0.0,
				0.0,
				-198209.37870401144,
				0.0,
				31447.808956269058,
				0.0,
				112383.0,
				0.0,
				-16373.573194185738,
				-31447.808956269058,
				0.0,
				0.0,
				0.0,
				112383.0
			],
			"source_node_id" : 0,
			"target_node_id" : 70,
			"transformation" : 
			[
				0.99870104585024799,
				-0.041429021817275806,
				0.029662386432751014,
				0.0,
				0.040498319268348029,
				0.99868866006652701,
				0.031318467251172398,
				0.0,
				-0.030920982423932136,
				-0.030076509202157712,
				0.99906921503975432,
				0.0,
				0.61158858150688411,
				0.30596345633856564,
				-0.11870518602224614,
				1.0
			],
			"uncertain" : true,
			"version_major" : 1,
			"version_minor" : 0
		},
		{
			"class_name" : "PoseGraphEdge",
			"confidence" : 0.91454649367473728,
			"information" : 
			[
				370012.70276523801,
				5218.2286058264563,
				-60750.42110193993,
				0.0,
				-190173.52573126554,
				-16618.745002754964,
				5218.2286058264563,
				386394.54083909036,
				43512.38411766036,
				190173.52573126554,
				0.0,
				-32748.112555763102,
				-60750.42110193993,
				43512.38411766036,
				47581.142724592231,
				16618.745002754964,
				32748.112555763102,
				0.0,
				0.0,
				190173.52573126554,
				16618.745002754964,
				107645.0,
				0.0,
				0.0,
				-190173.52573126554,
				0.0,
				32748.112555763102,
				0.0,
				107645.0,
				0.0,
				-16618.745002754964,
				-32748.112555763102,
				0.0,
				0.0,
				0.0,
				107645.0
			],
			"source_node_id" : 0,
			"target_node_id" : 75,
			"transformation" : 
			[
				0.99862959731645173,
				-0.034599440573039472,
				0.03926583853190465,
				0.0,
				0.032982227089755511,
				0.99860999898537206,
				0.04111256039988484,
				0.0,
				-0.040633730566866429,
				-0.039761144833455532,
				0.99838266776910334,
				0.0,
				0.67450725721717686,
				0.32260288498578271,
				-0.11323226962064638,
				1.0
			],
			"uncertain" : true,
			"version_major" : 1,
			"version_minor" : 0
		},
		{
			"class_name" : "PoseGraphEdge",
			"confidence" : 0.90906921812093633,
			"information" : 
			[
				372227.98172109015,
				5641.4634649094833,
				-64055.989416380857,
				0.0,
				-189612.66146206856,
				-16614.101327313576,
				5641.4634649094833,
				389290.3733130708,
				43526.038465677833,
				189612.66146206856,
				0.0,
				-34217.165809701197,
				-64055.989416380857,
				43526.038465677833,
				48097.355917363122,
				16614.101327313576,
				34217.165809701197,
				0.0,
				0.0,
				189612.66146206856,
				16614.101327313576,
				106065.0,
				0.0,
				0.0,
				-189612.66146206856,
				0.0,
				34217.165809701197,
				0.0,
				106065.0,
				0.0,
				-16614.101327313576,
				-34217.165809701197,
				0.0,
				0.0,
				0.0,
				106065.0
			],
			"source_node_id" : 0,
			"target_node_id" : 80,
			"transformation" : 
			[
				0.99749911685750681,
				-0.047644421678113447,
				0.052206522116038039,
				0.0,
				0.0451828350649374,
				0.99785555166562923,
				0.047358308939158732,
				0.0,
				-0.054350927167702678,
				-0.044881032664592715,
				0.99751274158427206,
				0.0,
				0.7296741233932359,
				0.33185423282368237,
				-0.090911570450641646,
				1.0
			],
			"uncertain" : true,
			"version_major" : 1,
			"version_minor" : 0
		},
		{
			"class_name" : "PoseGraphEdge",
			"confidence" : 0.78176493848162876,
			"information" : 
			[
				351325.10112144437,
				5218.0324899482648,
				-65014.42513342794,
				0.0,
				-178387.59255063534,
				-14553.116641834145,
				5218.0324899482648,
				368224.85901470692,
				38629.168680701361,
				178387.59255063534,
				0.0,
				-34669.313698606798,
				-65014.42513342794,
				38629.168680701361,
				44757.619915222422,
				14553.116641834145,
				34669.313698606798,
				0.0,
				0.0,
				178387.59255063534,
				14553.116641834145,
				98868.0,
				0.0,
				0.0,
				-178387.59255063534,
				0.0,
				34669.313698606798,
				0.0,
				98868.0,
				0.0,
				-14553.116641834145,
				-34669.313698606798,
				0.0,
				0.0,
				0.0,
				98868.0
			],
			"source_node_id" : 0,
			"target_node_id" : 85,
			"transformation" : 
			[
				0.99862053685324659,
				-0.030471280171927427,
				0.042761249509543894,
				0.0,
				0.028360514228658706,
				0.99838971106389029,
				0.049129075652273223,
				0.0,
				-0.044189417371352749,
				-0.04784857287782629,
				0.9978766504262615,
				0.0,
				0.76780225155374682,
				0.36292648734311311,
				-0.087758179651483956,
				1.0
			],
			"uncertain" : true,
			"version_major" : 1,
			"version_minor" : 0
		},
		{
			"class_name" : "PoseGraphEdge",
			"confidence" : 0.67702469146460065,
			"information" : 
			[
				287111.95530316071,
				6329.159764890117,
				-61895.799695315582,
				0.0,
				-146667.88327473402,
				-14886.77678804344,
				6329.159764890117,
				300307.1489114252,
				36657.129054769939,
				146667.88327473402,
				0.0,
				-33949.847237132257,
				-61895.799695315582,
				36657.129054769939,
				38316.117310222471,
				14886.77678804344,
				33949.847237132257,
				0.0,
				0.0,
				146667.88327473402,
				14886.77678804344,
				81855.0,
				0.0,
				0.0,
				-146667.88327473402,
				0.0,
				33949.847237132257,
				0.0,
				81855.0,
				0.0,
				-14886.77678804344,
				-33949.847237132257,
				0.0,
				0.0,
				0.0,
				81855.0
			],
			"source_node_id" : 0,
			"target_node_id" : 90,
			"transformation" : 
			[
				0.99971649175783317,
				-0.023528926519291459,
				-0.0036504416528582093,
				0.0,
				0.023716048869864167,
				0.99761845567794538,
				0.064768556543684241,
				0.0,
				0.0021178133565900739,
				-0.06483676817670668,
				0.99789363579440993,
				0.0,
				0.85247289774028812,
				0.37834893440473,
				-0.11728151653549374,
				1.0
			],
			"uncertain" : true,
			"version_major" : 1,
			"version_minor" : 0
		},
		{
			"class_name" : "PoseGraphEdge",
			"confidence" : 0.68487699334577601,
			"information" : 
			[
				261091.69530918016,
				6951.864990363053,
				-61464.474831217216,
				0.0,
				-132842.94184499979,
				-14908.145883273333,
				6951.864990363053,
				273927.76755298965,
				35502.318960244695,
				132842.94184499979,
				0.0,
				-33679.624319119495,
				-61464.474831217216,
				35502.318960244695,
				36456.841495017979,
				14908.145883273333,
				33679.624319119495,
				0.0,
				0.0,
				132842.94184499979,
				14908.145883273333,
				73677.0,
				0.0,
				0.0,
				-132842.94184499979,
				0.0,
				33679.624319119495,
				0.0,
				73677.0,
				0.0,
				-14908.145883273333,
				-33679.624319119495,
				0.0,
				0.0,
				0.0,
				73677.0
			],
			"source_node_id" : 0,
			"target_node_id" : 95,
			"transformation" : 
			[
				0.99971486741710924,
				-0.017665859283789182,
				-0.01606553083330978,
				0.0,
				0.018843038274915958,
				0.99690346130571317,
				0.076344146764882853,
				0.0,
				0.014667098341550833,
				-0.076625101973526247,
				0.99695209010954222,
				0.0,
				0.92042622047964084,
				0.40016835189501399,
				-0.12093975357018236,
				1.0
			],
			"uncertain" : true,
			"version_major" : 1,
			"version_minor" : 0
		},
		{
			"class_name" : "PoseGraphEdge",
			"confidence" : 1.0,
			"information" : 
			[
				690643.45862690359,
				-1717.2555687822098,
				-12907.195942708757,
				0.0,
				-373970.10842573643,
				-36067.205684287706,
				-1717.2555687822098,
				714217.49153317616,
				108724.38924881892,
				373970.10842573643,
				0.0,
				-664.81714127690066,
				-12907.195942708757,
				108724.38924881892,
				109411.56224063574,
				36067.205684287706,
				664.81714127690066,
				0.0,
				0.0,
				373970.10842573643,
				36067.205684287706,
				258595.0,
				0.0,
				0.0,
				-373970.10842573643,
				0.0,
				664.81714127690066,
				0.0,
				258595.0,
				0.0,
				-36067.205684287706,
				-664.81714127690066,
				0.0,
				0.0,
				0.0,
				258595.0
			],
			"source_node_id" : 1,
			"target_node_id" : 2,
			"transformation" : 
			[
				0.99999981527444148,
				0.00015143511161479223,
				0.00058865821079052559,
				0.0,
				-0.00015324461077026894,
				0.99999526009665829,
				0.0030751098037673447,
				0.0,
				-0.00058818974101114234,
				-0.0030751994444143606,
				0.99999509857859092,
				0.0,
				-0.0064313447346790904,
				0.0018504144117397685,
				0.0010050274529471988,
				1.0
			],
			"uncertain" : false,
			"version_major" : 1,
			"version_minor" : 0
		},
		{
			"class_name" : "PoseGraphEdge",
			"confidence" : 1.0,
			"information" : 
			[
				691768.72970621579,
				-1858.2090902601142,
				-13131.743719116006,
				0.0,
				-374428.18779915571,
				-35809.916283366736,
				-1858.2090902601142,
				715607.77964940795,
				108281.75149301725,
				374428.18779915571,
				0.0,
				-768.71641876280773,
				-13131.743719116006,
				108281.75149301725,
				109713.35922716955,
				35809.916283366736,
				768.71641876280773,
				0.0,
				0.0,
				374428.18779915571,
				35809.916283366736,
				258660.0,
				0.0,
				0.0,
				-374428.18779915571,
				0.0,
				768.71641876280773,
				0.0,
				258660.0,
				0.0,
				-35809.916283366736,
				-768.71641876280773,
				0.0,
				0.0,
				0.0,
				258660.0
			],
			"source_node_id" : 2,
			"target_node_id" : 3,
			"transformation" : 
			[
				0.99999524288999886,
				-0.0029371755454785857,
				0.00094191145403959057,
				0.0,
				0.0029366306111826453,
				0.99999552023637628,
				0.00057940299619409241,
				0.0,
				-0.00094360904281031951,
				-0.00057663419390134834,
				0.99999938854730386,
				0.0,
				-0.006231065833054693,
				0.00056988654974230541,
				4.6921570463868404e-05,
				1.0
			],
			"uncertain" : false,
			"version_major" : 1,
			"version_minor" : 0
		},
		{
			"class_name" : "PoseGraphEdge",
			"confidence" : 1.0,
			"information" : 
			[
				692922.87058954441,
				-1357.2272501908112,
				-15452.36705043101,
				0.0,
				-374861.96700513363,
				-35563.787032257416,
				-1357.2272501908112,
				717091.68550746422,
				107667.14617863874,
				374861.96700513363,
				0.0,
				-1680.5677065557684,
				-15452.36705043101,
				107667.14617863874,
				109945.55805114425,
				35563.787032257416,
				1680.5677065557684,
				0.0,
				0.0,
				374861.96700513363,
				35563.787032257416,
				258404.0,
				0.0,
				0.0,
				-374861.96700513363,
				0.0,
				1680.5677065557684,
				0.0,
				258404.0,
				0.0,
				-35563.787032257416,
				-1680.5677065557684,
				0.0,
				0.0,
				0.0,
				258404.0
			],
			"source_node_id" : 3,
			"target_node_id" : 4,
			"transformation" : 
			[
				0.99999839978034943,
				0.0017564499020308385,
				-0.00033958869526092169,
				0.0,
				-0.0017560569603751208,
				0.99999779231000185,
				0.0011539666695575871,
				0.0,
				0.00034161483019804395,
				-0.0011533684858654708,
				0.99999927651995979,
				0.0,
				-0.0081193140952656763,
				0.0015325100822266922,
				0.00044227384642826214,
				1.0
			],
			"uncertain" : false,
			"version_major" : 1,
			"version_minor" : 0
		},
		{
			"class_name" : "PoseGraphEdge",
			"confidence" : 1.0,
			"information" : 
			[
				695343.72450996772,
				-1984.2488828620797,
				-15133.778912511756,
				0.0,
				-375634.34597593546,
				-35193.668073845329,
				-1984.2488828620797,
				719983.75137011916,
				106853.86035930387,
				375634.34597593546,
				0.0,
				-1407.7304944503703,
				-15133.778912511756,
				106853.86035930387,
				110421.46822978428,
				35193.668073845329,
				1407.7304944503703,
				0.0,
				0.0,
				375634.34597593546,
				35193.668073845329,
				258080.0,
				0.0,
				0.0,
				-375634.34597593546,
				0.0,
				1407.7304944503703,
				0.0,
				258080.0,
				0.0,
				-35193.668073845329,
				-1407.7304944503703,
				0.0,
				0.0,
				0.0,
				258080.0
			],
			"source_node_id" : 4,
			"target_node_id" : 5,
			"transformation" : 
			[
				0.99999443780989683,
				0.0014766902923531752,
				0.0029906078060124124,
				0.0,
				-0.0014799848592009618,
				0.99999830012382573,
				0.0010997246361347112,
				0.0,
				-0.0029889787696550174,
				-0.0011041445735299285,
				0.99999492342245211,
				0.0,
				-0.0047723495185583433,
				0.0021192287413562172,
				0.000661961731071763,
				1.0
			],
			"uncertain" : false,
			"version_major" : 1,
			"version_minor" : 0
		},
		{
			"class_name" : "PoseGraphEdge",
			"confidence" : 1.0,
			"information" : 
			[
				697620.70109518664,
				-1830.2396008808935,
				-17250.275991485734,
				0.0,
				-376715.02764523029,
				-34941.774328076746,
				-1830.2396008808935,
				723041.27354885463,
				106125.09047809806,
				376715.02764523029,
				0.0,
				-2308.473398060014,
				-17250.275991485734,
				106125.09047809806,
				111294.36062484853,
				34941.774328076746,
				2308.473398060014,
				0.0,
				0.0,
				376715.02764523029,
				34941.774328076746,
				258099.0,
				0.0,
				0.0,
				-376715.02764523029,
				0.0,
				2308.473398060014,
				0.0,
				258099.0,
				0.0,
				-34941.774328076746,
				-2308.473398060014,
				0.0,
				0.0,
				0.0,
				258099.0
			],
			"source_node_id" : 5,
			"target_node_id" : 6,
			"transformation" : 
			[
				0.99999743987694611,
				-0.0011516755106903258,
				0.0019477892780787695,
				0.0,
				0.0011474228855776927,
				0.99999695892052387,
				0.0021830186496611661,
				0.0,
				-0.0019502974838149665,
				-0.0021807781228708411,
				0.999995720264094,
				0.0,
				-0.0047590393455642218,
				0.0028985201694230792,
				0.00017540817074610307,
				1.0
			],
			"uncertain" : false,
			"version_major" : 1,
			"version_minor" : 0
		},
		{
			"class_name" : "PoseGraphEdge",
			"confidence" : 0.99237373452848476,
			"information" : 
			[
				633721.97571470449,
				-2863.6971970477412,
				-7007.3523858496446,
				0.0,
				-339283.048176229,
				-32347.637910114136,
				-2863.6971970477412,
				652961.63771317399,
				94518.545784722854,
				339283.048176229,
				0.0,
				2815.2673860142822,
				-7007.3523858496446,
				94518.545784722854,
				97024.072803399482,
				32347.637910114136,
				-2815.2673860142822,
				0.0,
				0.0,
				339283.048176229,
				32347.637910114136,
				223824.0,
				0.0,
				0.0,
				-339283.048176229,
				0.0,
				-2815.2673860142822,
				0.0,
				223824.0,
				0.0,
				-32347.637910114136,
				2815.2673860142822,
				0.0,
				0.0,
				0.0,
				223824.0
			],
			"source_node_id" : 5,
			"target_node_id" : 10,
			"transformation" : 
			[
				0.99956565591837687,
				-0.011894761822706332,
				0.026963199914831953,
				0.0,
				0.011030203629601268,
				0.9994273414439655,
				0.031989432350964353,
				0.0,
				-0.027328265886361024,
				-0.031678128344782265,
				0.99912444773822684,
				0.0,
				-0.019900194988638466,
				0.06078466501992006,
				-0.010041810659849682,
				1.0
			],
			"uncertain" : true,
			"version_major" : 1,
			"version_minor" : 0
		},
		{
			"class_name" : "PoseGraphEdge",
			"confidence" : 0.98340826675542703,
			"information" : 
			[
				632714.41796418664,
				-3127.2998268376241,
				-5438.0618110216083,
				0.0,
				-330733.23980098963,
				-31946.73395208444,
				-3127.2998268376241,
				651717.59376403701,
				91507.910879830975,
				330733.23980098963,
				0.0,
				2934.462359636731,
				-5438.0618110216083,
				91507.910879830975,
				96144.868037568769,
				31946.73395208444,
				-2934.462359636731,
				0.0,
				0.0,
				330733.23980098963,
				31946.73395208444,
				207296.0,
				0.0,
				0.0,
				-330733.23980098963,
				0.0,
				-2934.462359636731,
				0.0,
				207296.0,
				0.0,
				-31946.73395208444,
				2934.462359636731,
				0.0,
				0.0,
				0.0,
				207296.0
			],
			"source_node_id" : 5,
			"target_node_id" : 15,
			"transformation" : 
			[
				0.99936558950249199,
				-0.01628249559500872,
				0.031674893141652262,
				0.0,
				0.014960997244513274,
				0.99902567570142387,
				0.041519487602354771,
				0.0,
				-0.032320072397601859,
				-0.041019259214556326,
				0.99863548569720972,
				0.0,
				-0.017795511139921238,
				0.11593275979810351,
				-0.014397088289289246,
				1.0
			],
			"uncertain" : true,
			"version_major" : 1,
			"version_minor" : 0
		},
		{
			"class_name" : "PoseGraphEdge",
			"confidence" : 0.98345319797858533,
			"information" : 
			[
				630657.59721382475,
				-3208.6227284326401,
				-9766.3469054052894,
				0.0,
				-325345.31186568737,
				-25339.892644523876,
				-3208.6227284326401,
				657190.40075707179,
				76617.84023232125,
				325345.31186568737,
				0.0,
				155.21601538895629,
				-9766.3469054052894,
				76617.84023232125,
				93671.086694165147,
				25339.892644523876,
				-155.21601538895629,
				0.0,
				0.0,
				325345.31186568737,
				25339.892644523876,
				195395.0,
				0.0,
				0.0,
				-325345.31186568737,
				0.0,
				-155.21601538895629,
				0.0,
				195395.0,
				0.0,
				-25339.892644523876,
				155.21601538895629,
				0.0,
				0.0,
				0.0,
				195395.0
			],
			"source_node_id" : 5,
			"target_node_id" : 20,
			"transformation" : 
			[
				0.99979125791015178,
				-0.0028727754945952807,
				0.020228390133502097,
				0.0,
				0.0022501595696781062,
				0.99952503307518903,
				0.030735078297510408,
				0.0,
				-0.020307077297004063,
				-0.030683145487397007,
				0.99932285433420021,
				0.0,
				-0.0040449864504164303,
				0.16234747784140338,
				-0.016390214074555945,
				1.0
			],
			"uncertain" : true,
			"version_major" : 1,
			"version_minor" : 0
		},
		{
			"class_name" : "PoseGraphEdge",
			"confidence" : 0.93527153684922726,
			"information" : 
			[
				621805.10194118286,
				-4237.6398134964256,
				-17618.698181565847,
				0.0,
				-318092.92911708355,
				-19465.301777006476,
				-4237.6398134964256,
				653324.90738660423,
				62721.359675607666,
				318092.92911708355,
				0.0,
				-4569.6183312164503,
				-17618.698181565847,
				62721.359675607666,
				91208.338544728904,
				19465.301777006476,
				4569.6183312164503,
				0.0,
				0.0,
				318092.92911708355,
				19465.301777006476,
				185307.0,
				0.0,
				0.0,
				-318092.92911708355,
				0.0,
				4569.6183312164503,
				0.0,
				185307.0,
				0.0,
				-19465.301777006476,
				-4569.6183312164503,
				0.0,
				0.0,
				0.0,
				185307.0
			],
			"source_node_id" : 5,
			"target_node_id" : 25,
			"transformation" : 
			[
				0.99950147077548634,
				0.019381780602900654,
				0.024923011421198699,
				0.0,
				-0.020133801397432618,
				0.99933849186738455,
				0.030285453827065874,
				0.0,
				-0.024319538624918671,
				-0.030772150605435731,
				0.9992305213453937,
				0.0,
				0.054633075481530298,
				0.21838612546483344,
				-0.019487757761497571,
				1.0
			],
			"uncertain" : true,
			"version_major" : 1,
			"version_minor" : 0
		},
		{
			"class_name" : "PoseGraphEdge",
			"confidence" : 0.92796048602534342,
			"information" : 
			[
				603239.31731459033,
				-4142.4686328522648,
				-21976.246967773179,
				0.0,
				-308854.2932600379,
				-19293.217177002341,
				-4142.4686328522648,
				631920.79601067782,
				61464.178202470102,
				308854.2932600379,
				0.0,
				-8044.4357170839794,
				-21976.246967773179,
				61464.178202470102,
				86791.964612314143,
				19293.217177002341,
				8044.4357170839794,
				0.0,
				0.0,
				308854.2932600379,
				19293.217177002341,
				179719.0,
				0.0,
				0.0,
				-308854.2932600379,
				0.0,
				8044.4357170839794,
				0.0,
				179719.0,
				0.0,
				-19293.217177002341,
				-8044.4357170839794,
				0.0,
				0.0,
				0.0,
				179719.0
			],
			"source_node_id" : 5,
			"target_node_id" : 30,
			"transformation" : 
			[
				0.99942398114726372,
				0.018623861616301404,
				0.028370013857068114,
				0.0,
				-0.019607829582098817,
				0.99920160112044287,
				0.034809385766236788,
				0.0,
				-0.027699078086332606,
				-0.035345609300734777,
				0.99899121566524651,
				0.0,
				0.10561040382446683,
				0.23230977732725366,
				-0.021429909427244175,
				1.0
			],
			"uncertain" : true,
			"version_major" : 1,
			"version_minor" : 0
		},
		{
			"class_name" : "PoseGraphEdge",
			"confidence" : 0.91959736286421234,
			"information" : 
			[
				599140.93182678602,
				-2736.1489148781179,
				-29946.750578301235,
				0.0,
				-306694.92376661301,
				-21159.664099061163,
				-2736.1489148781179,
				626766.31277504249,
				65131.714689797118,
				306694.92376661301,
				0.0,
				-13228.404302295414,
				-29946.750578301235,
				65131.714689797118,
				86336.393032073553,
				21159.664099061163,
				13228.404302295414,
				0.0,
				0.0,
				306694.92376661301,
				21159.664099061163,
				178667.0,
				0.0,
				0.0,
				-306694.92376661301,
				0.0,
				13228.404302295414,
				0.0,
				178667.0,
				0.0,
				-21159.664099061163,
				-13228.404302295414,
				0.0,
				0.0,
				0.0,
				178667.0
			],
			"source_node_id" : 5,
			"target_node_id" : 35,
			"transformation" : 
			[
				0.99823808446063289,
				-0.0084432588996487465,
				0.058731917315198161,
				0.0,
				0.0060309929349367363,
				0.99913563638254155,
				0.041129153099366565,
				0.0,
				-0.059028415670628637,
				-0.040702475227016449,
				0.9974261650136359,
				0.0,
				0.20020242836249846,
				0.23305352179261182,
				-0.016177204204777022,
				1.0
			],
			"uncertain" : true,
			"version_major" : 1,
			"version_minor" : 0
		},
		{
			"class_name" : "PoseGraphEdge",
			"confidence" : 0.92573055939140314,
			"information" : 
			[
				581815.43432241911,
				-752.52510634686541,
				-33854.445127246938,
				0.0,
				-296705.07544106245,
				-21132.617359501426,
				-752.52510634686541,
				608497.5395295131,
				64304.755315101662,
				296705.07544106245,
				0.0,
				-16413.504228326434,
				-33854.445127246938,
				64304.755315101662,
				81388.196508839494,
				21132.617359501426,
