{
	"class_name" : "PoseGraph",
	"edges" : 
	[
		{
			"class_name" : "PoseGraphEdge",
			"confidence" : 1.0,
			"information" : 
			[
				650851.66242249554,
				-4832.931996130178,
				6011.9563996532552,
				0.0,
				-390203.38992714882,
				-3384.0542134844,
				-4832.931996130178,
				668457.67807633069,
				11593.629806697134,
				390203.38992714882,
				0.0,
				4950.4722400940955,
				6011.9563996532552,
				11593.629806697134,
				96763.904633606871,
				3384.0542134844,
				-4950.4722400940955,
				0.0,
				0.0,
				390203.38992714882,
				3384.0542134844,
				254896.0,
				0.0,
				0.0,
				-390203.38992714882,
				0.0,
				-4950.4722400940955,
				0.0,
				254896.0,
				0.0,
				-3384.0542134844,
				4950.4722400940955,
				0.0,
				0.0,
				0.0,
				254896.0
			],
			"source_node_id" : 0,
			"target_node_id" : 1,
			"transformation" : 
			[
				0.99999267654204715,
				-0.0021571629277642042,
				0.0031612513940462946,
				0.0,
				0.0021448204747112776,
				0.99999008508398957,
				0.0039024964890391621,
				0.0,
				-0.0031696383712561216,
				-0.0038956875925545511,
				0.99998738842586254,
				0.0,
				4.2327739515782131e-05,
				-0.0043281916691765218,
				0.0033330506276397988,
				1.0
			],
			"uncertain" : false,
			"version_major" : 1,
			"version_minor" : 0
		},
		{
			"class_name" : "PoseGraphEdge",
			"confidence" : 0.98607644782965187,
			"information" : 
			[
				629986.74817811954,
				-4255.1363154761993,
				8512.4884895403793,
				0.0,
				-376384.53980523348,
				-8500.6393777648918,
				-4255.1363154761993,
				647499.3781041624,
				18291.50949312414,
				376384.53980523348,
				0.0,
				6895.1927101806505,
				8512.4884895403793,
				18291.50949312414,
				89669.107710559358,
				8500.6393777648918,
				-6895.1927101806505,
				0.0,
				0.0,
				376384.53980523348,
				8500.6393777648918,
				243987.0,
				0.0,
				0.0,
				-376384.53980523348,
				0.0,
				-6895.1927101806505,
				0.0,
				243987.0,
				0.0,
				-8500.6393777648918,
				6895.1927101806505,
				0.0,
				0.0,
				0.0,
				243987.0
			],
			"source_node_id" : 0,
			"target_node_id" : 5,
			"transformation" : 
			[
				0.99990342943871569,
				-0.0017917125315322637,
				0.013781203245774195,
				0.0,
				0.0015912734482016436,
				0.99989299882529625,
				0.014541621263450547,
				0.0,
				-0.013805783045884574,
				-0.014518287308113829,
				0.99979928970175247,
				0.0,
				-0.0018659936977375086,
				-0.032336458935131394,
				0.019165599475704051,
				1.0
			],
			"uncertain" : true,
			"version_major" : 1,
			"version_minor" : 0
		},
		{
			"class_name" : "PoseGraphEdge",
			"confidence" : 0.98503194278393602,
			"information" : 
			[
				621983.15261481074,
				-4236.6412403779732,
				9674.5749175997826,
				0.0,
				-369665.20488971472,
				-12117.39555371087,
				-4236.6412403779732,
				640389.30003186816,
				23494.370153960852,
				369665.20488971472,
				0.0,
				7545.6821502804523,
				9674.5749175997826,
				23494.370153960852,
				86994.044983538712,
				12117.39555371087,
				-7545.6821502804523,
				0.0,
				0.0,
				369665.20488971472,
				12117.39555371087,
				237725.0,
				0.0,
				0.0,
				-369665.20488971472,
				0.0,
				-7545.6821502804523,
				0.0,
				237725.0,
				0.0,
				-12117.39555371087,
				7545.6821502804523,
				0.0,
				0.0,
				0.0,
				237725.0
			],
			"source_node_id" : 0,
			"target_node_id" : 10,
			"transformation" : 
			[
				0.99994777632910725,
				0.0071932433098571575,
				0.0072596050277637849,
				0.0,
				-0.0073311934320521473,
				0.99978958674936425,
				0.019158179203619109,
				0.0,
				-0.0071202680662860104,
				-0.019210400261872543,
				0.99979010912513155,
				0.0,
				-0.016441589522830088,
				-0.054332192424272154,
				0.032315555983381893,
				1.0
			],
			"uncertain" : true,
			"version_major" : 1,
			"version_minor" : 0
		},
		{
			"class_name" : "PoseGraphEdge",
			"confidence" : 0.98363459033701639,
			"information" : 
			[
				648170.63920183328,
				-4934.851813566127,
				11858.080205212982,
				0.0,
				-380408.80860906839,
				-12742.006124284584,
				-4934.851813566127,
				666266.09934793017,
				25644.693102191944,
				380408.80860906839,
				0.0,
				8430.3345024960581,
				11858.080205212982,
				25644.693102191944,
				91375.368443664644,
				12742.006124284584,
				-8430.3345024960581,
				0.0,
				0.0,
				380408.80860906839,
				12742.006124284584,
				241889.0,
				0.0,
				0.0,
				-380408.80860906839,
				0.0,
				-8430.3345024960581,
				0.0,
				241889.0,
				0.0,
				-12742.006124284584,
				8430.3345024960581,
				0.0,
				0.0,
				0.0,
				241889.0
			],
			"source_node_id" : 0,
			"target_node_id" : 15,
			"transformation" : 
			[
				0.99982440755667445,
				0.018718452251998585,
				-0.00087954490201418351,
				0.0,
				-0.018721022653656404,
				0.99982021182273639,
				-0.0030112026731685055,
				0.0,
				0.00082302171678050469,
				0.0030271399087694311,
				0.9999950795175071,
				0.0,
				-0.026103977967164467,
				-0.076157023267469426,
				0.046907249904494346,
				1.0
			],
			"uncertain" : true,
			"version_major" : 1,
			"version_minor" : 0
		},
		{
			"class_name" : "PoseGraphEdge",
			"confidence" : 0.99408415977455611,
			"information" : 
			[
				656913.88035393774,
				-4998.6823187765731,
				13318.343819122225,
				0.0,
				-381230.15779024363,
				-15326.588822518243,
				-4998.6823187765731,
				675003.28478598944,
				30005.499276947507,
				381230.15779024363,
				0.0,
				9147.7372993745375,
				13318.343819122225,
				30005.499276947507,
				90834.152531821179,
				15326.588822518243,
				-9147.7372993745375,
				0.0,
				0.0,
				381230.15779024363,
				15326.588822518243,
				239303.0,
				0.0,
				0.0,
				-381230.15779024363,
				0.0,
				-9147.7372993745375,
				0.0,
				239303.0,
				0.0,
				-15326.588822518243,
				9147.7372993745375,
				0.0,
				0.0,
				0.0,
				239303.0
			],
			"source_node_id" : 0,
			"target_node_id" : 20,
			"transformation" : 
			[
				0.99978565194417068,
				0.018363753480972814,
				-0.0095615231349103959,
				0.0,
				-0.018402215364181289,
				0.9998228613379746,
				-0.0039502424781752794,
				0.0,
				0.009487288140435866,
				0.0041253489593185595,
				0.99994648499792393,
				0.0,
				-0.043376095450239849,
				-0.093267627329460784,
				0.066639709410942202,
				1.0
			],
			"uncertain" : true,
			"version_major" : 1,
			"version_minor" : 0
		},
		{
			"class_name" : "PoseGraphEdge",
			"confidence" : 0.99565947767378571,
			"information" : 
			[
				673158.17722954962,
				-4987.4476384792379,
				7847.3834544236643,
				0.0,
				-385690.85706037283,
				-16921.364104368142,
				-4987.4476384792379,
				690343.36853512458,
				33367.690245968246,
				385690.85706037283,
				0.0,
				5148.4593339815037,
				7847.3834544236643,
				33367.690245968246,
				91427.794186421699,
				16921.364104368142,
				-5148.4593339815037,
				0.0,
				0.0,
				385690.85706037283,
				16921.364104368142,
				238901.0,
				0.0,
				0.0,
				-385690.85706037283,
				0.0,
				-5148.4593339815037,
				0.0,
				238901.0,
				0.0,
				-16921.364104368142,
				5148.4593339815037,
				0.0,
				0.0,
				0.0,
				238901.0
			],
			"source_node_id" : 0,
			"target_node_id" : 25,
			"transformation" : 
			[
				0.99949258843459987,
				0.019846790698061591,
				-0.024913260791999198,
				0.0,
				-0.020184982715451095,
				0.99970649383908472,
				-0.013397486657544843,
				0.0,
				0.024640051482895473,
				0.013893562356339567,
				0.99959983832930388,
				0.0,
				-0.048637999604856291,
				-0.11174929397647938,
				0.08877929363474743,
				1.0
			],
			"uncertain" : true,
			"version_major" : 1,
			"version_minor" : 0
		},
		{
			"class_name" : "PoseGraphEdge",
			"confidence" : 0.99370593918794525,
			"information" : 
			[
				701883.75651628186,
				-4861.4018685189812,
				-1749.7342625337935,
				0.0,
				-395502.53776466846,
				-18639.102628804743,
				-4861.4018685189812,
				718128.54833643232,
				37578.595741009245,
				395502.53776466846,
				0.0,
				-1322.310263882624,
				-1749.7342625337935,
				37578.595741009245,
				93712.254821747207,
				18639.102628804743,
				1322.310263882624,
				0.0,
				0.0,
				395502.53776466846,
				18639.102628804743,
				240879.0,
				0.0,
				0.0,
				-395502.53776466846,
				0.0,
				1322.310263882624,
				0.0,
				240879.0,
				0.0,
				-18639.102628804743,
				-1322.310263882624,
				0.0,
				0.0,
				0.0,
				240879.0
			],
			"source_node_id" : 0,
			"target_node_id" : 30,
			"transformation" : 
			[
				0.99871297957561467,
				0.025977268004949917,
				-0.043561060296970322,
				0.0,
				-0.027265541827142428,
				0.9992003319787589,
				-0.029245286840966434,
				0.0,
				0.042766513255930221,
				0.030395363471046682,
				0.99862262503079313,
				0.0,
				-0.045610423764364083,
				-0.13426121298899577,
				0.11475589614936782,
				1.0
			],
			"uncertain" : true,
			"version_major" : 1,
			"version_minor" : 0
		},
		{
			"class_name" : "PoseGraphEdge",
			"confidence" : 0.98197453408022872,
			"information" : 
			[
				719490.58683292335,
				-4918.6735792166301,
				-3130.3367578408893,
				0.0,
				-401788.61626285315,
				-18306.981819229899,
				-4918.6735792166301,
				734926.9958713277,
				38015.136160020404,
				401788.61626285315,
				0.0,
				-2458.9758311246987,
				-3130.3367578408893,
				38015.136160020404,
				96235.822706019579,
				18306.981819229899,
				2458.9758311246987,
				0.0,
				0.0,
				401788.61626285315,
				18306.981819229899,
				242718.0,
				0.0,
				0.0,
				-401788.61626285315,
				0.0,
				2458.9758311246987,
				0.0,
				242718.0,
				0.0,
				-18306.981819229899,
				-2458.9758311246987,
				0.0,
				0.0,
				0.0,
				242718.0
			],
			"source_node_id" : 0,
			"target_node_id" : 35,
			"transformation" : 
			[
				0.9985536736643551,
				0.032899332819281549,
				-0.042522872803567285,
				0.0,
				-0.034909530835794476,
				0.99826441257885534,
				-0.047428759581268957,
				0.0,
				0.040888696093748678,
				0.04884461565658222,
				0.99796909674253598,
				0.0,
				-0.041236309612304033,
				-0.14899159514490629,
				0.12465589038965869,
				1.0
			],
			"uncertain" : true,
			"version_major" : 1,
			"version_minor" : 0
		},
		{
			"class_name" : "PoseGraphEdge",
			"confidence" : 0.99793940417660487,
			"information" : 
			[
				730585.86879000743,
				-5509.4634710545251,
				6300.7592477429698,
				0.0,
				-407192.72318226099,
				-8082.5328712576302,
				-5509.4634710545251,
				747528.41127595142,
				21980.14022558949,
				407192.72318226099,
				0.0,
				3293.4866561613744,
				6300.7592477429698,
				21980.14022558949,
				95254.550448319016,
				8082.5328712576302,
				-3293.4866561613744,
				0.0,
				0.0,
				407192.72318226099,
				8082.5328712576302,
				245032.0,
				0.0,
				0.0,
				-407192.72318226099,
				0.0,
				-3293.4866561613744,
				0.0,
				245032.0,
				0.0,
				-8082.5328712576302,
				3293.4866561613744,
				0.0,
				0.0,
				0.0,
				245032.0
			],
			"source_node_id" : 0,
			"target_node_id" : 40,
			"transformation" : 
			[
				0.99805295539494798,
				0.044777747721753823,
				-0.043419483372972349,
				0.0,
				-0.048268263302472122,
				0.99538076567049438,
				-0.082989795101460789,
				0.0,
				0.039502822496273085,
				0.084923993324538025,
				0.99560405903784976,
				0.0,
				-0.061132193150028984,
				-0.16061943592613392,
				0.13770145501506492,
				1.0
			],
			"uncertain" : true,
			"version_major" : 1,
			"version_minor" : 0
		},
		{
			"class_name" : "PoseGraphEdge",
			"confidence" : 0.99718035361539326,
			"information" : 
			[
				726773.82021468284,
				-6130.0486206047335,
				18188.435733962087,
				0.0,
				-403249.79851853848,
				-14302.973918553442,
				-6130.0486206047335,
				743375.35633858119,
				32315.358103886338,
				403249.79851853848,
				0.0,
				10645.613719558576,
				18188.435733962087,
				32315.358103886338,
				95807.807154096561,
				14302.973918553442,
				-10645.613719558576,
				0.0,
				0.0,
				403249.79851853848,
				14302.973918553442,
				241777.0,
				0.0,
				0.0,
				-403249.79851853848,
				0.0,
				-10645.613719558576,
				0.0,
				241777.0,
				0.0,
				-14302.973918553442,
				10645.613719558576,
				0.0,
				0.0,
				0.0,
				241777.0
			],
			"source_node_id" : 0,
			"target_node_id" : 45,
			"transformation" : 
			[
				0.9985711125911082,
				0.043124178878887878,
				-0.031560074375345935,
				0.0,
				-0.045639192344018774,
				0.99543133494910607,
				-0.083866092812454204,
				0.0,
				0.027799230578226017,
				0.085186633913209228,
				0.99597712834271201,
				0.0,
				-0.076460813539268729,
				-0.187530799704891,
				0.14201258635845143,
				1.0
			],
			"uncertain" : true,
			"version_major" : 1,
			"version_minor" : 0
		},
		{
			"class_name" : "PoseGraphEdge",
			"confidence" : 0.99798687261226227,
			"information" : 
			[
				715168.55325958226,
				-6504.9622903096406,
				22058.600789108285,
				0.0,
				-395334.77041184902,
				-16760.922346034553,
				-6504.9622903096406,
				730934.60188600211,
				36221.05920848727,
				395334.77041184902,
				0.0,
				12901.129764104262,
				22058.600789108285,
				36221.05920848727,
				95027.941296371951,
				16760.922346034553,
				-12901.129764104262,
				0.0,
				0.0,
				395334.77041184902,
				16760.922346034553,
				236317.0,
				0.0,
				0.0,
				-395334.77041184902,
				0.0,
				-12901.129764104262,
				0.0,
				236317.0,
				0.0,
				-16760.922346034553,
				12901.129764104262,
				0.0,
				0.0,
				0.0,
				236317.0
			],
			"source_node_id" : 0,
			"target_node_id" : 50,
			"transformation" : 
			[
				0.99776817593940981,
				0.058291186745437922,
				-0.032569995860462865,
				0.0,
				-0.060950837876954801,
				0.99427847775043388,
				-0.087722882102553648,
				0.0,
				0.02727017500199052,
				0.089512268600957359,
				0.99561231979384024,
				0.0,
				-0.089081442165464625,
				-0.20845262144927715,
				0.14789682986200414,
				1.0
			],
			"uncertain" : true,
			"version_major" : 1,
			"version_minor" : 0
		},
		{
			"class_name" : "PoseGraphEdge",
			"confidence" : 0.99284574876227338,
			"information" : 
			[
				697231.74582129775,
				-6966.1443176003413,
				30752.78125737168,
				0.0,
				-384766.83302021027,
				-20860.4238882598,
				-6966.1443176003413,
				712076.30021143972,
				42681.291575734074,
				384766.83302021027,
				0.0,
				17813.896313234232,
				30752.78125737168,
				42681.291575734074,
				93603.49948685139,
				20860.4238882598,
				-17813.896313234232,
				0.0,
				0.0,
				384766.83302021027,
				20860.4238882598,
				229628.0,
				0.0,
				0.0,
				-384766.83302021027,
				0.0,
				-17813.896313234232,
				0.0,
				229628.0,
				0.0,
				-20860.4238882598,
				17813.896313234232,
				0.0,
				0.0,
				0.0,
				229628.0
			],
			"source_node_id" : 0,
			"target_node_id" : 55,
			"transformation" : 
			[
				0.99818321100709084,
				0.053430444180641037,
				-0.027847170381089269,
				0.0,
				-0.055812987353423146,
				0.99407361863251809,
				-0.093287465296995373,
				0.0,
				0.022697746722100981,
				0.094672215425175704,
				0.99524970932938683,
				0.0,
				-0.1165286481652708,
				-0.23854263376157658,
				0.14410072436664426,
				1.0
			],
			"uncertain" : true,
			"version_major" : 1,
			"version_minor" : 0
		},
		{
			"class_name" : "PoseGraphEdge",
			"confidence" : 0.98538929445515688,
			"information" : 
			[
				639769.64438887103,
				-7266.5280405231824,
				31517.8401487019,
				0.0,
				-354999.38581079245,
				-20287.040361889172,
				-7266.5280405231824,
				652679.65740178083,
				41586.760444314474,
				354999.38581079245,
				0.0,
				17521.468412216636,
				31517.8401487019,
				41586.760444314474,
				88047.198237611912,
				20287.040361889172,
				-17521.468412216636,
				0.0,
				0.0,
				354999.38581079245,
				20287.040361889172,
				213518.0,
				0.0,
				0.0,
				-354999.38581079245,
				0.0,
				-17521.468412216636,
				0.0,
				213518.0,
				0.0,
				-20287.040361889172,
				17521.468412216636,
				0.0,
				0.0,
				0.0,
				213518.0
			],
			"source_node_id" : 0,
			"target_node_id" : 60,
			"transformation" : 
			[
				0.99888289598577196,
				0.036394338360981777,
				-0.030139877941769477,
				0.0,
				-0.039993588787468691,
				0.99083787564192982,
				-0.12899929088676843,
				0.0,
				0.025168888791070244,
				0.13006058714559368,
				0.9911865468762,
				0.0,
				-0.14552948972945173,
				-0.30294961784077473,
				0.12938377400804063,
				1.0
			],
			"uncertain" : true,
			"version_major" : 1,
			"version_minor" : 0
		},
		{
			"class_name" : "PoseGraphEdge",
			"confidence" : 0.98902996662358211,
			"information" : 
			[
				626306.44465685682,
				-6092.7964017390314,
				21130.900646033242,
				0.0,
				-351502.17075902224,
				-17769.224496619892,
				-6092.7964017390314,
				640902.91491992783,
				38421.843653482145,
				351502.17075902224,
				0.0,
				11160.216502523399,
				21130.900646033242,
				38421.843653482145,
				87097.329770341879,
				17769.224496619892,
				-11160.216502523399,
				0.0,
				0.0,
				351502.17075902224,
				17769.224496619892,
				214188.0,
				0.0,
				0.0,
				-351502.17075902224,
				0.0,
				-11160.216502523399,
				0.0,
				214188.0,
				0.0,
				-17769.224496619892,
				11160.216502523399,
				0.0,
				0.0,
				0.0,
				214188.0
			],
			"source_node_id" : 0,
			"target_node_id" : 65,
			"transformation" : 
			[
				0.99824101988761016,
				0.028530682638569144,
				-0.051969860129898154,
				0.0,
				-0.037386451202261362,
				0.98326092486527628,
				-0.17832612511794779,
				0.0,
				0.046012166654536765,
				0.17995542165008141,
				0.9825980494273826,
				0.0,
				-0.14095132218005368,
				-0.37089689097456641,
				0.12753922135823934,
				1.0
			],
			"uncertain" : true,
			"version_major" : 1,
			"version_minor" : 0
		},
		{
			"class_name" : "PoseGraphEdge",
			"confidence" : 0.88818157983510282,
			"information" : 
			[
				600838.43965011218,
				-4676.86414823218,
				19403.420600961323,
				0.0,
				-343951.21844238043,
				-11798.051349802641,
				-4676.86414823218,
				617960.49399337801,
				28638.989674882996,
				343951.21844238043,
				0.0,
				9977.4716846694937,
				19403.420600961323,
				28638.989674882996,
				83477.453141139733,
				11798.051349802641,
				-9977.4716846694937,
				0.0,
				0.0,
				343951.21844238043,
				11798.051349802641,
				213682.0,
				0.0,
				0.0,
				-343951.21844238043,
				0.0,
				-9977.4716846694937,
				0.0,
				213682.0,
				0.0,
				-11798.051349802641,
				9977.4716846694937,
				0.0,
				0.0,
				0.0,
				213682.0
			],
			"source_node_id" : 0,
			"target_node_id" : 70,
			"transformation" : 
			[
				0.99849087648282042,
				-0.018411711739978166,
				-0.051739525040087303,
				0.0,
				0.0061658252504299283,
				0.97375314108712108,
				-0.22752319183315636,
				0.0,
				0.0545706164483322,
				0.22686081436371988,
				0.97239715071912769,
				0.0,
				-0.15187635111595946,
				-0.42036509202122363,
				0.12446014211354788,
				1.0
			],
			"uncertain" : true,
			"version_major" : 1,
			"version_minor" : 0
		},
		{
			"class_name" : "PoseGraphEdge",
			"confidence" : 0.98626369002181613,
			"information" : 
			[
				579468.60557322623,
				-3606.8816295007846,
				11407.185623657006,
				0.0,
				-333488.59719419479,
				-9251.6942130174721,
				-3606.8816295007846,
				597179.91207918734,
				25068.517098767185,
				333488.59719419479,
				0.0,
				4697.8172930470901,
				11407.185623657006,
				25068.517098767185,
				81039.810264081694,
				9251.6942130174721,
				-4697.8172930470901,
				0.0,
				0.0,
				333488.59719419479,
				9251.6942130174721,
				208670.0,
				0.0,
				0.0,
				-333488.59719419479,
				0.0,
				-4697.8172930470901,
				0.0,
				208670.0,
				0.0,
				-9251.6942130174721,
				4697.8172930470901,
				0.0,
				0.0,
				0.0,
				208670.0
			],
			"source_node_id" : 0,
			"target_node_id" : 75,
			"transformation" : 
			[
				0.99642214389382155,
				-0.047188039873975525,
				-0.070115619165009566,
				0.0,
				0.027292886799603865,
				0.96482609723686819,
				-0.26146835453036454,
				0.0,
				0.079987558333684358,
				0.25861920072478156,
				0.96266198612404497,
				0.0,
				-0.16752611310436399,
				-0.4633576410024573,
				0.12920695169700708,
				1.0
			],
			"uncertain" : true,
			"version_major" : 1,
			"version_minor" : 0
		},
		{
			"class_name" : "PoseGraphEdge",
			"confidence" : 0.96748351930865795,
			"information" : 
			[
				534272.05650246458,
				-3044.2989065900338,
				-4628.3634082890003,
				0.0,
				-308782.1592425108,
				-16066.687432169099,
				-3044.2989065900338,
				549804.518540947,
				35534.419872012368,
				308782.1592425108,
				0.0,
				-5495.992279003025,
				-4628.3634082890003,
				35534.419872012368,
				76477.821991846547,
				16066.687432169099,
				5495.992279003025,
				0.0,
				0.0,
				308782.1592425108,
				16066.687432169099,
				194859.0,
				0.0,
				0.0,
				-308782.1592425108,
				0.0,
				5495.992279003025,
				0.0,
				194859.0,
				0.0,
				-16066.687432169099,
				-5495.992279003025,
				0.0,
				0.0,
				0.0,
				194859.0
			],
			"source_node_id" : 0,
			"target_node_id" : 85,
			"transformation" : 
			[
				0.99448444280868031,
				-0.033732843609833953,
				-0.099311571699888079,
				0.0,
				0.0045161440972254097,
				0.95976274337005441,
				-0.28077585523203302,
				0.0,
				0.10478691451703616,
				0.27877871457624115,
				0.95462145945145038,
				0.0,
				-0.15353708024996285,
				-0.54687988662802933,
				0.13495899983383222,
				1.0
			],
			"uncertain" : true,
			"version_major" : 1,
			"version_minor" : 0
		},
		{
			"class_name" : "PoseGraphEdge",
			"confidence" : 1.0,
			"information" : 
			[
				649762.52357589966,
				-4713.2380480647871,
				5818.7677179517186,
				0.0,
				-389216.62772345543,
				-3058.8634625971317,
				-4713.2380480647871,
				666982.72421056358,
				10840.09858812667,
				389216.62772345543,
				0.0,
				4744.6004198156297,
				5818.7677179517186,
				10840.09858812667,
				96505.062604278181,
				3058.8634625971317,
				-4744.6004198156297,
				0.0,
				0.0,
				389216.62772345543,
				3058.8634625971317,
				254132.0,
				0.0,
				0.0,
				-389216.62772345543,
				0.0,
				-4744.6004198156297,
				0.0,
				254132.0,
				0.0,
				-3058.8634625971317,
				4744.6004198156297,
				0.0,
				0.0,
				0.0,
				254132.0
			],
			"source_node_id" : 1,
			"target_node_id" : 2,
			"transformation" : 
			[
				0.99998756171104064,
				-0.0038314993724373899,
				0.0031931231994895989,
				0.0,
				0.0038217007334025999,
				0.99998798741356876,
				0.0030691419100353575,
				0.0,
				-0.0032048442571234077,
				-0.003056900573888082,
				0.9999901921179879,
				0.0,
				-0.00075697088284724674,
				-0.0054786301719169867,
				0.0030191018436604208,
				1.0
			],
			"uncertain" : false,
			"version_major" : 1,
			"version_minor" : 0
		},
		{
			"class_name" : "PoseGraphEdge",
			"confidence" : 1.0,
			"information" : 
			[
				649833.91084947926,
				-4725.2683147508433,
				6516.8641773127365,
				0.0,
				-388387.36760759354,
				-2940.4948792940704,
				-4725.2683147508433,
				666557.06441185588,
				10324.621175668895,
				388387.36760759354,
				0.0,
				5103.3379084374756,
				6516.8641773127365,
				10324.621175668895,
				95782.791638828217,
				2940.4948792940704,
				-5103.3379084374756,
				0.0,
				0.0,
				388387.36760759354,
				2940.4948792940704,
				252969.0,
				0.0,
				0.0,
				-388387.36760759354,
				0.0,
				-5103.3379084374756,
				0.0,
				252969.0,
				0.0,
				-2940.4948792940704,
				5103.3379084374756,
				0.0,
				0.0,
				0.0,
				252969.0
			],
			"source_node_id" : 2,
			"target_node_id" : 3,
			"transformation" : 
			[
				0.99999141437320882,
				0.0027065642620972843,
				0.0031377842126676814,
				0.0,
				-0.0027106728036038813,
				0.99999547347560169,
				0.0013058641809005032,
				0.0,
				-0.0031342356040877095,
				-0.00131435847556686,
				0.99999422449780995,
				0.0,
				-0.0054215845519285369,
				-0.0095372236473180785,
				0.0066217059693597117,
				1.0
			],
			"uncertain" : false,
			"version_major" : 1,
			"version_minor" : 0
		},
		{
			"class_name" : "PoseGraphEdge",
			"confidence" : 1.0,
			"information" : 
			[
				651753.45092264004,
				-4705.0169007718332,
				5833.0866919668606,
				0.0,
				-389688.11690402031,
				-2428.3574003012618,
				-4705.0169007718332,
				668624.6381887974,
				9442.7521255329466,
				389688.11690402031,
				0.0,
				4548.7405665862607,
				5833.0866919668606,
				9442.7521255329466,
				96507.923419299841,
				2428.3574003012618,
				-4548.7405665862607,
				0.0,
				0.0,
				389688.11690402031,
				2428.3574003012618,
				254184.0,
				0.0,
				0.0,
				-389688.11690402031,
				0.0,
				-4548.7405665862607,
				0.0,
				254184.0,
				0.0,
				-2428.3574003012618,
				4548.7405665862607,
				0.0,
				0.0,
				0.0,
				254184.0
			],
			"source_node_id" : 3,
			"target_node_id" : 4,
			"transformation" : 
			[
				0.99999962255305785,
				-0.00015284280982309832,
				0.00085529691753868237,
				0.0,
				0.00015073036714830903,
				0.99999693977810622,
				0.0024693551342027491,
				0.0,
				-0.00085567172331749153,
				-0.0024692252829338025,
				0.99999658537037273,
				0.0,
				-0.0022818768639810798,
				-0.0056636934326463415,
				0.0037479969625529271,
				1.0
			],
			"uncertain" : false,
			"version_major" : 1,
			"version_minor" : 0
		},
		{
			"class_name" : "PoseGraphEdge",
			"confidence" : 1.0,
			"information" : 
			[
				651290.90899426176,
				-4698.1362588537095,
				4216.8437125364544,
				0.0,
				-389422.42375642061,
				-2969.975353939808,
				-4698.1362588537095,
				668078.10711095505,
				10092.747683035099,
				389422.42375642061,
				0.0,
				3469.1813371211756,
				4216.8437125364544,
				10092.747683035099,
				96186.5164423237,
				2969.975353939808,
				-3469.1813371211756,
				0.0,
				0.0,
				389422.42375642061,
				2969.975353939808,
				254043.0,
				0.0,
				0.0,
				-389422.42375642061,
				0.0,
				-3469.1813371211756,
				0.0,
				254043.0,
				0.0,
				-2969.975353939808,
				3469.1813371211756,
				0.0,
				0.0,
				0.0,
				254043.0
			],
			"source_node_id" : 4,
			"target_node_id" : 5,
			"transformation" : 
			[
				0.9999989978433127,
				0.0014105938434216831,
				0.00012057105818544136,
				0.0,
				-0.0014109823525409201,
				0.99999360795758674,
				0.0032852964506771172,
				0.0,
				-0.000115936068542983,
				-0.0032854632819306357,
				0.9999945961303246,
				0.0,
				0.0016989452764452305,
				-0.0079508212918730538,
				0.0027311536217875972,
				1.0
			],
			"uncertain" : false,
			"version_major" : 1,
			"version_minor" : 0
		},
		{
			"class_name" : "PoseGraphEdge",
			"confidence" : 1.0,
			"information" : 
			[
				650269.93168710382,
				-4588.4442095046279,
				3446.7385701580038,
				0.0,
				-389153.02988189459,
				-2528.8161051450297,
				-4588.4442095046279,
				667300.64966420911,
				9286.3939788272128,
				389153.02988189459,
				0.0,
				3211.3952705884585,
				3446.7385701580038,
				9286.3939788272128,
				95893.391174317861,
				2528.8161051450297,
				-3211.3952705884585,
				0.0,
				0.0,
				389153.02988189459,
				2528.8161051450297,
				254089.0,
				0.0,
				0.0,
				-389153.02988189459,
				0.0,
				-3211.3952705884585,
				0.0,
				254089.0,
				0.0,
				-2528.8161051450297,
				3211.3952705884585,
				0.0,
				0.0,
				0.0,
				254089.0
			],
			"source_node_id" : 5,
			"target_node_id" : 6,
			"transformation" : 
			[
				0.9999921670158376,
				0.00057471795923660636,
				-0.0039160702542268659,
				0.0,
				-0.00054752245595222557,
				0.99997575325210686,
				0.0069421269826046468,
				0.0,
				0.00391996506731088,
				-0.0069399284686306644,
				0.99996823512885691,
				0.0,
				-0.0053269863715984201,
				-0.0021592723632198321,
				0.0019395708017584975,
				1.0
			],
			"uncertain" : false,
			"version_major" : 1,
			"version_minor" : 0
		},
		{
			"class_name" : "PoseGraphEdge",
			"confidence" : 0.99584847677608723,
			"information" : 
			[
				647309.01163380209,
				-4484.4515545748864,
				4476.8484254015148,
				0.0,
				-385117.88051640987,
				-5045.9058372534346,
				-4484.4515545748864,
				664546.92151089443,
				12979.097792768775,
				385117.88051640987,
				0.0,
				3749.8896202081814,
				4476.8484254015148,
				12979.097792768775,
				93928.013751548788,
				5045.9058372534346,
				-3749.8896202081814,
				0.0,
				0.0,
				385117.88051640987,
				5045.9058372534346,
				249533.0,
				0.0,
				0.0,
				-385117.88051640987,
				0.0,
				-3749.8896202081814,
				0.0,
				249533.0,
				0.0,
				-5045.9058372534346,
				3749.8896202081814,
				0.0,
				0.0,
				0.0,
				249533.0
			],
			"source_node_id" : 5,
			"target_node_id" : 10,
			"transformation" : 
			[
				0.99994819157593284,
				0.0088494039531213584,
				-0.00503013058431494,
				0.0,
				-0.0088276033580014981,
				0.99995161857955783,
				0.0043398063407944906,
				0.0,
				0.005068291918840351,
				-0.0042951775046300754,
				0.99997793169010962,
				0.0,
				-0.012775222192984031,
				-0.022379635113068778,
				0.01358391864136581,
				1.0
			],
			"uncertain" : true,
			"version_major" : 1,
			"version_minor" : 0
		},
		{
			"class_name" : "PoseGraphEdge",
			"confidence" : 0.99830935877536531,
			"information" : 
			[
				667884.79360197147,
				-4856.768780957841,
				4813.2155866297098,
				0.0,
				-392829.67031317949,
				-4683.9882011722075,
				-4856.768780957841,
				683906.51349146781,
				13423.263625368683,
				392829.67031317949,
				0.0,
				3441.0997032037703,
				4813.2155866297098,
				13423.263625368683,
				96646.833210045283,
				4683.9882011722075,
				-3441.0997032037703,
				0.0,
				0.0,
				392829.67031317949,
				4683.9882011722075,
				251901.0,
				0.0,
				0.0,
				-392829.67031317949,
				0.0,
				-3441.0997032037703,
				0.0,
				251901.0,
				0.0,
				-4683.9882011722075,
				3441.0997032037703,
				0.0,
				0.0,
				0.0,
				251901.0
			],
			"source_node_id" : 5,
			"target_node_id" : 15,
			"transformation" : 
			[
				0.99969030083604493,
				0.020452427340239152,
				-0.014177469105209508,
				0.0,
				-0.020697604694548084,
				0.99963491431172447,
				-0.017367994959069107,
				0.0,
				0.013817075459197248,
				0.017656055756659766,
				0.99974864447063494,
				0.0,
				-0.024112832624586786,
				-0.043974166039118821,
				0.026993404372623268,
				1.0
			],
			"uncertain" : true,
			"version_major" : 1,
			"version_minor" : 0
		},
		{
			"class_name" : "PoseGraphEdge",
			"confidence" : 0.99483692765551801,
			"information" : 
			[
				679091.04742341687,
				-4706.9370017190849,
				5884.6881424293279,
				0.0,
				-394833.88940060139,
				-7882.6294666229514,
				-4706.9370017190849,
				694861.24602681689,
				18622.836578088201,
				394833.88940060139,
				0.0,
				3934.8569611901185,
				5884.6881424293279,
				18622.836578088201,
				96135.307320798354,
				7882.6294666229514,
				-3934.8569611901185,
				0.0,
				0.0,
				394833.88940060139,
				7882.6294666229514,
				249838.0,
				0.0,
				0.0,
				-394833.88940060139,
				0.0,
				-3934.8569611901185,
				0.0,
				249838.0,
				0.0,
				-7882.6294666229514,
				3934.8569611901185,
				0.0,
				0.0,
				0.0,
				249838.0
			],
			"source_node_id" : 5,
			"target_node_id" : 20,
			"transformation" : 
			[
				0.99960108173910533,
				0.019990794311015407,
				-0.019951078387532007,
				0.0,
				-0.020356802551447468,
				0.99962502919586171,
				-0.018313972672635376,
				0.0,
				0.019577486454909469,
				0.018712807057930214,
				0.99963320917030396,
				0.0,
				-0.036880214682801803,
				-0.061213826500272558,
				0.046805281396781147,
				1.0
			],
			"uncertain" : true,
			"version_major" : 1,
			"version_minor" : 0
		},
		{
			"class_name" : "PoseGraphEdge",
			"confidence" : 0.99696999041296863,
			"information" : 
			[
				693691.44009580137,
				-4845.6943071248597,
				290.72659362102172,
				0.0,
				-398744.54138308764,
				-9022.5801559088286,
				-4845.6943071248597,
				709265.32977784448,
				20912.255468928877,
				398744.54138308764,
				0.0,
				-119.04785330290906,
				290.72659362102172,
				20912.255468928877,
				96376.342662110212,
				9022.5801559088286,
				119.04785330290906,
				0.0,
				0.0,
				398744.54138308764,
				9022.5801559088286,
				249112.0,
				0.0,
				0.0,
				-398744.54138308764,
				0.0,
				119.04785330290906,
				0.0,
				249112.0,
				0.0,
				-9022.5801559088286,
				-119.04785330290906,
				0.0,
				0.0,
				0.0,
				249112.0
			],
			"source_node_id" : 5,
			"target_node_id" : 25,
			"transformation" : 
			[
				0.99922633415220619,
				0.020907765035994716,
				-0.033310636408547881,
				0.0,
				-0.021866154804669313,
				0.99934969397302964,
				-0.028671596224667247,
				0.0,
				0.032689515303856775,
				0.029377789522217347,
				0.99903370367169597,
				0.0,
				-0.039355465960263784,
				-0.080931243771655004,
				0.068746050713571538,
				1.0
			],
			"uncertain" : true,
			"version_major" : 1,
			"version_minor" : 0
		},
		{
			"class_name" : "PoseGraphEdge",
			"confidence" : 0.99648771748105502,
			"information" : 
			[
				707763.31640102004,
				-4610.7065358412665,
				-10278.760380642922,
				0.0,
				-401834.93797159195,
				-8004.8566573844291,
				-4610.7065358412665,
				723923.76152203756,
				19940.214404152117,
				401834.93797159195,
				0.0,
				-7096.778988503851,
				-10278.760380642922,
				19940.214404152117,
				96055.376665393997,
				8004.8566573844291,
				7096.778988503851,
				0.0,
				0.0,
				401834.93797159195,
				8004.8566573844291,
				247448.0,
				0.0,
				0.0,
				-401834.93797159195,
				0.0,
				7096.778988503851,
				0.0,
				247448.0,
				0.0,
				-8004.8566573844291,
				-7096.778988503851,
				0.0,
				0.0,
				0.0,
				247448.0
			],
			"source_node_id" : 5,
			"target_node_id" : 30,
			"transformation" : 
			[
				0.99826687911320322,
				0.026481088609228133,
				-0.052554638345779205,
				0.0,
				-0.028851423981453714,
				0.99857620293440741,
				-0.044868276848380066,
				0.0,
				0.051291650390954284,
				0.046306790853725473,
				0.99760956677499868,
				0.0,
				-0.038182350368416426,
				-0.10439823855597108,
				0.093574399110951431,
				1.0
			],
			"uncertain" : true,
			"version_major" : 1,
			"version_minor" : 0
		},
		{
			"class_name" : "PoseGraphEdge",
			"confidence" : 0.98490423017080264,
			"information" : 
			[
				710933.34179214679,
				-4678.2280655985624,
				-11600.004545013544,
				0.0,
				-401383.69245582819,
				-4704.5213180462597,
				-4678.2280655985624,
				727113.17255215382,
				15009.034765643835,
				401383.69245582819,
				0.0,
				-8024.2122964755399,
				-11600.004545013544,
				15009.034765643835,
				95685.082942031746,
				4704.5213180462597,
				8024.2122964755399,
				0.0,
				0.0,
				401383.69245582819,
				4704.5213180462597,
				245624.0,
				0.0,
				0.0,
				-401383.69245582819,
				0.0,
				8024.2122964755399,
				0.0,
				245624.0,
				0.0,
				-4704.5213180462597,
				-8024.2122964755399,
				0.0,
				0.0,
				0.0,
				245624.0
			],
			"source_node_id" : 5,
			"target_node_id" : 35,
			"transformation" : 
			[
				0.9979931727821123,
				0.034283445426533242,
				-0.053237885476220145,
				0.0,
				-0.037591391507234048,
				0.99734113223388654,
				-0.062430387144245487,
				0.0,
				0.050956004207974435,
				0.064306386340054519,
				0.99662840332344604,
				0.0,
				-0.036610663796896079,
				-0.11853173493637587,
				0.10330601350281089,
				1.0
			],
			"uncertain" : true,
			"version_major" : 1,
			"version_minor" : 0
		},
		{
			"class_name" : "PoseGraphEdge",
			"confidence" : 0.99950965227753452,
			"information" : 
			[
				709055.01562463352,
				-4165.8389235932364,
				-379.74800051861661,
				0.0,
				-399720.05435502529,
				4037.2369068479165,
				-4165.8389235932364,
				726223.52657729725,
				1374.4563023300391,
				399720.05435502529,
				0.0,
				-933.75160232174676,
				-379.74800051861661,
				1374.4563023300391,
				92641.045367712664,
				-4037.2369068479165,
				933.75160232174676,
				0.0,
				0.0,
				399720.05435502529,
				-4037.2369068479165,
				243771.0,
				0.0,
				0.0,
				-399720.05435502529,
				0.0,
				933.75160232174676,
				0.0,
				243771.0,
				0.0,
				4037.2369068479165,
				-933.75160232174676,
				0.0,
				0.0,
				0.0,
				243771.0
			],
			"source_node_id" : 5,
			"target_node_id" : 40,
			"transformation" : 
			[
				0.99757211041506455,
				0.045317288957187569,
				-0.052879370680884781,
				0.0,
				-0.050351431882198011,
				0.99390038788332702,
				-0.098116014354355144,
				0.0,
				0.048110475256933842,
				0.1005403515358006,
				0.99376909787113488,
				0.0,
				-0.05475601904427866,
				-0.13129027055411549,
				0.11516021283499304,
				1.0
			],
			"uncertain" : true,
			"version_major" : 1,
			"version_minor" : 0
		},
		{
			"class_name" : "PoseGraphEdge",
			"confidence" : 0.99511884808363715,
			"information" : 
			[
				713242.01194097614,
				-4961.7094333909263,
				10106.053594896288,
				0.0,
				-400462.52640742064,
				-472.09163063997403,
				-4961.7094333909263,
				729734.78737645189,
				8799.9921938841417,
				400462.52640742064,
				0.0,
				5609.2243500165641,
				10106.053594896288,
				8799.9921938841417,
				94065.940121433086,
				472.09163063997403,
				-5609.2243500165641,
				0.0,
				0.0,
				400462.52640742064,
				472.09163063997403,
				243480.0,
				0.0,
				0.0,
				-400462.52640742064,
				0.0,
				-5609.2243500165641,
				0.0,
				243480.0,
				0.0,
				-472.09163063997403,
				5609.2243500165641,
				0.0,
				0.0,
				0.0,
				243480.0
			],
			"source_node_id" : 5,
			"target_node_id" : 45,
			"transformation" : 
			[
				0.99821564195738421,
				0.043520323433482729,
				-0.040884148515663521,
				0.0,
				-0.047380979201698564,
				0.99398191530653968,
				-0.098767377475715276,
				0.0,
				0.036339716034856154,
				0.10052827210186863,
				0.99427033122120201,
				0.0,
				-0.069572839471224696,
				-0.15796142169634531,
				0.11921170415326009,
				1.0
			],
			"uncertain" : true,
			"version_major" : 1,
			"version_minor" : 0
		},
		{
			"class_name" : "PoseGraphEdge",
			"confidence" : 0.99845036551754984,
			"information" : 
			[
				704842.37609701359,
				-5243.8242352240713,
				14159.776017381282,
				0.0,
				-394450.72014927864,
				-2970.1840979021508,
				-5243.8242352240713,
				720713.20835106075,
				12677.350836219919,
				394450.72014927864,
				0.0,
				8021.5461992551573,
				14159.776017381282,
				12677.350836219919,
				93308.050765264954,
				2970.1840979021508,
				-8021.5461992551573,
				0.0,
				0.0,
				394450.72014927864,
				2970.1840979021508,
				239096.0,
				0.0,
				0.0,
				-394450.72014927864,
				0.0,
				-8021.5461992551573,
				0.0,
				239096.0,
				0.0,
				-2970.1840979021508,
				8021.5461992551573,
				0.0,
				0.0,
				0.0,
				239096.0
			],
			"source_node_id" : 5,
			"target_node_id" : 50,
			"transformation" : 
			[
				0.99736868639358334,
				0.059003814284563361,
				-0.042121886251800911,
				0.0,
				-0.063084127393460601,
				0.99265656775221445,
				-0.10321497647821713,
				0.0,
				0.035722489730455512,
				0.10560060794458549,
				0.99376678115601735,
				0.0,
				-0.083074234586740348,
				-0.17944146662988689,
				0.12500339437055621,
				1.0
			],
			"uncertain" : true,
			"version_major" : 1,
			"version_minor" : 0
		},
		{
			"class_name" : "PoseGraphEdge",
			"confidence" : 0.99712299116029623,
			"information" : 
			[
				692134.2517562554,
				-5672.9168076226824,
				24177.965536032072,
				0.0,
				-386755.20246613026,
				-8046.0518407252384,
				-5672.9168076226824,
				707454.61495422758,
				20698.351891904771,
				386755.20246613026,
				0.0,
				13701.42208039097,
				24177.965536032072,
				20698.351891904771,
				92531.703534782937,
				8046.0518407252384,
