{
	"class_name" : "PoseGraph",
	"edges" : 
	[
		{
			"class_name" : "PoseGraphEdge",
			"confidence" : 1.0,
			"information" : 
			[
				680462.22600988881,
				-6038.8803164826086,
				14698.144082763467,
				0.0,
				-392027.83102607727,
				-2931.5340331273619,
				-6038.8803164826086,
				696787.23306493438,
				20136.470441845377,
				392027.83102607727,
				0.0,
				6425.1272591237212,
				14698.144082763467,
				20136.470441845377,
				98870.70513525563,
				2931.5340331273619,
				-6425.1272591237212,
				0.0,
				0.0,
				392027.83102607727,
				2931.5340331273619,
				248862.0,
				0.0,
				0.0,
				-392027.83102607727,
				0.0,
				-6425.1272591237212,
				0.0,
				248862.0,
				0.0,
				-2931.5340331273619,
				6425.1272591237212,
				0.0,
				0.0,
				0.0,
				248862.0
			],
			"source_node_id" : 0,
			"target_node_id" : 1,
			"transformation" : 
			[
				0.99993152839747024,
				0.0088390452815651204,
				-0.0076687544757368005,
				0.0,
				-0.0088362889070805577,
				0.9999608819161464,
				0.00039323762958802055,
				0.0,
				0.0076719303339705088,
				-0.00032544737387227058,
				0.99997051734986564,
				0.0,
				-0.0019297218567371249,
				0.021152974001240266,
				-0.0016678553168244003,
				1.0
			],
			"uncertain" : false,
			"version_major" : 1,
			"version_minor" : 0
		},
		{
			"class_name" : "PoseGraphEdge",
			"confidence" : 1.0,
			"information" : 
			[
				579168.01606543234,
				-4328.9858064805649,
				-5159.679890160166,
				0.0,
				-327404.60428148508,
				6502.2849496150156,
				-4328.9858064805649,
				592807.29372658662,
				3089.8825262092805,
				327404.60428148508,
				0.0,
				-4715.2256110939197,
				-5159.679890160166,
				3089.8825262092805,
				75513.297112033761,
				-6502.2849496150156,
				4715.2256110939197,
				0.0,
				0.0,
				327404.60428148508,
				-6502.2849496150156,
				201149.0,
				0.0,
				0.0,
				-327404.60428148508,
				0.0,
				4715.2256110939197,
				0.0,
				201149.0,
				0.0,
				6502.2849496150156,
				-4715.2256110939197,
				0.0,
				0.0,
				0.0,
				201149.0
			],
			"source_node_id" : 0,
			"target_node_id" : 5,
			"transformation" : 
			[
				0.99741078927057247,
				0.025654076691954367,
				-0.067183225553240813,
				0.0,
				-0.025739847847280027,
				0.99966859064827451,
				-0.00041122267953349175,
				0.0,
				0.067150410865855228,
				0.0021394439409897835,
				0.99774057003820871,
				0.0,
				0.0061667373904653582,
				0.12793006139630481,
				-0.0039117577181638601,
				1.0
			],
			"uncertain" : true,
			"version_major" : 1,
			"version_minor" : 0
		},
		{
			"class_name" : "PoseGraphEdge",
			"confidence" : 1.0,
			"information" : 
			[
				199738.36287151542,
				-2495.5237105177785,
				24236.261143350875,
				0.0,
				-100007.69800156355,
				-13595.942508489126,
				-2495.5237105177785,
				202665.79844227456,
				29225.374248501143,
				100007.69800156355,
				0.0,
				12807.954602510901,
				24236.261143350875,
				29225.374248501143,
				21733.086405978833,
				13595.942508489126,
				-12807.954602510901,
				0.0,
				0.0,
				100007.69800156355,
				13595.942508489126,
				53550.0,
				0.0,
				0.0,
				-100007.69800156355,
				0.0,
				-12807.954602510901,
				0.0,
				53550.0,
				0.0,
				-13595.942508489126,
				12807.954602510901,
				0.0,
				0.0,
				0.0,
				53550.0
			],
			"source_node_id" : 0,
			"target_node_id" : 15,
			"transformation" : 
			[
				0.95075559573333623,
				0.01515308437113126,
				-0.30957096313412552,
				0.0,
				-0.049295013892108504,
				0.9934834079008994,
				-0.10276536299255508,
				0.0,
				0.3059964032257988,
				0.11296504884102952,
				0.9453068808345878,
				0.0,
				-0.37923072304338956,
				-0.055409123485547475,
				-0.054692843373449956,
				1.0
			],
			"uncertain" : true,
			"version_major" : 1,
			"version_minor" : 0
		},
		{
			"class_name" : "PoseGraphEdge",
			"confidence" : 1.0,
			"information" : 
			[
				684527.30808922776,
				-6162.8892134848966,
				15155.809231182706,
				0.0,
				-392845.83160561323,
				-3028.3825115313521,
				-6162.8892134848966,
				701825.5311293205,
				20850.87712988085,
				392845.83160561323,
				0.0,
				6773.4075343895238,
				15155.809231182706,
				20850.87712988085,
				99212.43363268036,
				3028.3825115313521,
				-6773.4075343895238,
				0.0,
				0.0,
				392845.83160561323,
				3028.3825115313521,
				248182.0,
				0.0,
				0.0,
				-392845.83160561323,
				0.0,
				-6773.4075343895238,
				0.0,
				248182.0,
				0.0,
				-3028.3825115313521,
				6773.4075343895238,
				0.0,
				0.0,
				0.0,
				248182.0
			],
			"source_node_id" : 1,
			"target_node_id" : 2,
			"transformation" : 
			[
				0.99992014400839735,
				0.011845689630526755,
				-0.0044028676341256474,
				0.0,
				-0.011860493406971749,
				0.99992404505583066,
				-0.0033515392475678106,
				0.0,
				0.0043628319208490933,
				0.003403491789624115,
				0.99998469085344899,
				0.0,
				0.0021024926492770411,
				0.020093711661660414,
				-0.00097780798673486138,
				1.0
			],
			"uncertain" : false,
			"version_major" : 1,
			"version_minor" : 0
		},
		{
			"class_name" : "PoseGraphEdge",
			"confidence" : 1.0,
			"information" : 
			[
				694240.2860349752,
				-6073.8178714811647,
				14661.957614663519,
				0.0,
				-396241.43134117126,
				-4178.2942557770293,
				-6073.8178714811647,
				711992.18202737637,
				23443.409964138871,
				396241.43134117126,
				0.0,
				6370.321835615905,
				14661.957614663519,
				23443.409964138871,
				100802.23718595829,
				4178.2942557770293,
				-6370.321835615905,
				0.0,
				0.0,
				396241.43134117126,
				4178.2942557770293,
				248840.0,
				0.0,
				0.0,
				-396241.43134117126,
				0.0,
				-6370.321835615905,
				0.0,
				248840.0,
				0.0,
				-4178.2942557770293,
				6370.321835615905,
				0.0,
				0.0,
				0.0,
				248840.0
			],
			"source_node_id" : 2,
			"target_node_id" : 3,
			"transformation" : 
			[
				0.99997473150500515,
				0.0039114436266899678,
				-0.005936072796817733,
				0.0,
				-0.0039280357546388738,
				0.99998840414739021,
				-0.0027860556106647531,
				0.0,
				0.0059251064635305545,
				0.0028093023174205378,
				0.99997850023582335,
				0.0,
				0.0028695847788743462,
				0.017270310239421268,
				-0.00054140735301480526,
				1.0
			],
			"uncertain" : false,
			"version_major" : 1,
			"version_minor" : 0
		},
		{
			"class_name" : "PoseGraphEdge",
			"confidence" : 1.0,
			"information" : 
			[
				668409.87287134491,
				-5365.8388647217544,
				5206.7776947409302,
				0.0,
				-376368.24483788013,
				-2737.276333505637,
				-5365.8388647217544,
				684872.78837036516,
				21157.420371666263,
				376368.24483788013,
				0.0,
				980.86418878589757,
				5206.7776947409302,
				21157.420371666263,
				94340.3964927583,
				2737.276333505637,
				-980.86418878589757,
				0.0,
				0.0,
				376368.24483788013,
				2737.276333505637,
				232159.0,
				0.0,
				0.0,
				-376368.24483788013,
				0.0,
				-980.86418878589757,
				0.0,
				232159.0,
				0.0,
				-2737.276333505637,
				980.86418878589757,
				0.0,
				0.0,
				0.0,
				232159.0
			],
			"source_node_id" : 3,
			"target_node_id" : 4,
			"transformation" : 
			[
				0.99956476087897783,
				-0.00014998022077603173,
				-0.029500276522172381,
				0.0,
				0.00013891844270541966,
				0.99999991927834941,
				-0.00037702116780159614,
				0.0,
				0.029500330686579371,
				0.00037275894096607746,
				0.99956470102747974,
				0.0,
				0.0056277627587808876,
				0.045407803337884099,
				-0.0016392194291831074,
				1.0
			],
			"uncertain" : false,
			"version_major" : 1,
			"version_minor" : 0
		},
		{
			"class_name" : "PoseGraphEdge",
			"confidence" : 1.0,
			"information" : 
			[
				718127.48773133173,
				-6207.1664880384051,
				8737.2225308885154,
				0.0,
				-400210.53497594595,
				-7616.3995359743712,
				-6207.1664880384051,
				737470.32085289049,
				31682.508981252675,
				400210.53497594595,
				0.0,
				3476.794967543683,
				8737.2225308885154,
				31682.508981252675,
				105164.33475850899,
				7616.3995359743712,
				-3476.794967543683,
				0.0,
				0.0,
				400210.53497594595,
				7616.3995359743712,
				245150.0,
				0.0,
				0.0,
				-400210.53497594595,
				0.0,
				-3476.794967543683,
				0.0,
				245150.0,
				0.0,
				-7616.3995359743712,
				3476.794967543683,
				0.0,
				0.0,
				0.0,
				245150.0
			],
			"source_node_id" : 4,
			"target_node_id" : 5,
			"transformation" : 
			[
				0.99983686005333261,
				0.0033375225461478625,
				-0.017751456896419861,
				0.0,
				-0.0033555337334413714,
				0.99999388512157195,
				-0.00098494305824246191,
				0.0,
				0.017748061078755466,
				0.0010443479871181337,
				0.99984194534197568,
				0.0,
				-0.00044807854610432493,
				0.016547430016351693,
				-0.00054394112283706988,
				1.0
			],
			"uncertain" : false,
			"version_major" : 1,
			"version_minor" : 0
		},
		{
			"class_name" : "PoseGraphEdge",
			"confidence" : 1.0,
			"information" : 
			[
				718026.99524088844,
				-5494.8829945326843,
				3412.9241129052871,
				0.0,
				-395236.65729910135,
				-7732.1307741096243,
				-5494.8829945326843,
				737601.27141139598,
				32594.775231795938,
				395236.65729910135,
				0.0,
				686.31594588363077,
				3412.9241129052871,
				32594.775231795938,
				103594.3413180432,
				7732.1307741096243,
				-686.31594588363077,
				0.0,
				0.0,
				395236.65729910135,
				7732.1307741096243,
				238608.0,
				0.0,
				0.0,
				-395236.65729910135,
				0.0,
				-686.31594588363077,
				0.0,
				238608.0,
				0.0,
				-7732.1307741096243,
				686.31594588363077,
				0.0,
				0.0,
				0.0,
				238608.0
			],
			"source_node_id" : 5,
			"target_node_id" : 6,
			"transformation" : 
			[
				0.99954327574769741,
				0.0035678706930543356,
				-0.030008502233207425,
				0.0,
				-0.0036633701159671786,
				0.99998839748841406,
				-0.0031280357968982101,
				0.0,
				0.029996993631965993,
				0.0032365393973937603,
				0.99954474896613421,
				0.0,
				0.0022190504697150687,
				0.024271480303334744,
				7.2677476432288067e-05,
				1.0
			],
			"uncertain" : false,
			"version_major" : 1,
			"version_minor" : 0
		},
		{
			"class_name" : "PoseGraphEdge",
			"confidence" : 1.0,
			"information" : 
			[
				668547.58676096285,
				-4683.912345278547,
				-4387.3642558454994,
				0.0,
				-363864.18694984913,
				-3094.2252108776011,
				-4683.912345278547,
				685466.26570048369,
				23645.46511294401,
				363864.18694984913,
				0.0,
				-3656.4242086724844,
				-4387.3642558454994,
				23645.46511294401,
				91549.786827909586,
				3094.2252108776011,
				3656.4242086724844,
				0.0,
				0.0,
				363864.18694984913,
				3094.2252108776011,
				216154.0,
				0.0,
				0.0,
				-363864.18694984913,
				0.0,
				3656.4242086724844,
				0.0,
				216154.0,
				0.0,
				-3094.2252108776011,
				-3656.4242086724844,
				0.0,
				0.0,
				0.0,
				216154.0
			],
			"source_node_id" : 5,
			"target_node_id" : 10,
			"transformation" : 
			[
				0.99748991427916411,
				0.023010111402574047,
				-0.066965705287030122,
				0.0,
				-0.023189884361237256,
				0.99972925707573645,
				-0.0019083527211606302,
				0.0,
				0.066903663387446077,
				0.0034564895540199303,
				0.99775345276541239,
				0.0,
				-0.0041651708621599972,
				0.06124769295553964,
				0.0049784870061260486,
				1.0
			],
			"uncertain" : true,
			"version_major" : 1,
			"version_minor" : 0
		},
		{
			"class_name" : "PoseGraphEdge",
			"confidence" : 1.0,
			"information" : 
			[
				642694.58318557276,
				-3245.3043550563666,
				-16063.240450888445,
				0.0,
				-344651.29954242706,
				-3537.0263520460576,
				-3245.3043550563666,
				655278.41594400676,
				24620.510245955258,
				344651.29954242706,
				0.0,
				-9629.7734625320882,
				-16063.240450888445,
				24620.510245955258,
				85396.276164417635,
				3537.0263520460576,
				9629.7734625320882,
				0.0,
				0.0,
				344651.29954242706,
				3537.0263520460576,
				202046.0,
				0.0,
				0.0,
				-344651.29954242706,
				0.0,
				9629.7734625320882,
				0.0,
				202046.0,
				0.0,
				-3537.0263520460576,
				-9629.7734625320882,
				0.0,
				0.0,
				0.0,
				202046.0
			],
			"source_node_id" : 5,
			"target_node_id" : 15,
			"transformation" : 
			[
				0.99149743310324634,
				0.044409611213253153,
				-0.12231364021057084,
				0.0,
				-0.043565417415726747,
				0.99900474954827312,
				0.009568949021980017,
				0.0,
				0.12261686081068482,
				-0.0041589436013781643,
				0.99244536808483952,
				0.0,
				-0.043977919117055703,
				0.075846055986975788,
				0.023277995754958963,
				1.0
			],
			"uncertain" : true,
			"version_major" : 1,
			"version_minor" : 0
		},
		{
			"class_name" : "PoseGraphEdge",
			"confidence" : 1.0,
			"information" : 
			[
				657606.51876275125,
				-1340.847830372521,
				-28395.759171052174,
				0.0,
				-349314.90040403605,
				-3024.1573289857479,
				-1340.847830372521,
				666504.41897608514,
				24259.851801977125,
				349314.90040403605,
				0.0,
				-16550.30875572213,
				-28395.759171052174,
				24259.851801977125,
				82040.089025063586,
				3024.1573289857479,
				16550.30875572213,
				0.0,
				0.0,
				349314.90040403605,
				3024.1573289857479,
				202488.0,
				0.0,
				0.0,
				-349314.90040403605,
				0.0,
				16550.30875572213,
				0.0,
				202488.0,
				0.0,
				-3024.1573289857479,
				-16550.30875572213,
				0.0,
				0.0,
				0.0,
				202488.0
			],
			"source_node_id" : 5,
			"target_node_id" : 20,
			"transformation" : 
			[
				0.98478864413847089,
				0.023107560284427654,
				-0.17221314419525025,
				0.0,
				-0.021853528532359071,
				0.99971908684543453,
				0.0091744584371519413,
				0.0,
				0.17237676660907011,
				-0.0052714376247089021,
				0.98501698578185437,
				0.0,
				-0.046682655085335485,
				0.070958993097596679,
				0.039964621292683362,
				1.0
			],
			"uncertain" : true,
			"version_major" : 1,
			"version_minor" : 0
		},
		{
			"class_name" : "PoseGraphEdge",
			"confidence" : 1.0,
			"information" : 
			[
				539496.54367624642,
				3640.8476175874116,
				-62333.849058636508,
				0.0,
				-273999.11700248718,
				-30572.81027296558,
				3640.8476175874116,
				544865.58922604588,
				65211.907790215213,
				273999.11700248718,
				0.0,
				-33972.213800389785,
				-62333.849058636508,
				65211.907790215213,
				55963.489452347094,
				30572.81027296558,
				33972.213800389785,
				0.0,
				0.0,
				273999.11700248718,
				30572.81027296558,
				148929.0,
				0.0,
				0.0,
				-273999.11700248718,
				0.0,
				33972.213800389785,
				0.0,
				148929.0,
				0.0,
				-30572.81027296558,
				-33972.213800389785,
				0.0,
				0.0,
				0.0,
				148929.0
			],
			"source_node_id" : 5,
			"target_node_id" : 40,
			"transformation" : 
			[
				0.92690115340179802,
				0.11880150253804883,
				-0.35600625671063146,
				0.0,
				-0.05579922555974557,
				0.98165729858659223,
				0.18230577214834628,
				0.0,
				0.37113433989506633,
				-0.14911455705723065,
				0.91652831414216462,
				0.0,
				-0.13848558118965107,
				-0.075655615033865226,
				0.29831096653642453,
				1.0
			],
			"uncertain" : true,
			"version_major" : 1,
			"version_minor" : 0
		},
		{
			"class_name" : "PoseGraphEdge",
			"confidence" : 1.0,
			"information" : 
			[
				478309.88598715136,
				7859.1503498583288,
				-72014.842117968597,
				0.0,
				-243621.20433676243,
				-34584.402611034806,
				7859.1503498583288,
				485454.73007472785,
				69662.013459882539,
				243621.20433676243,
				0.0,
				-38938.92571243667,
				-72014.842117968597,
				69662.013459882539,
				51877.447351297393,
				34584.402611034806,
				38938.92571243667,
				0.0,
				0.0,
				243621.20433676243,
				34584.402611034806,
				132449.0,
				0.0,
				0.0,
				-243621.20433676243,
				0.0,
				38938.92571243667,
				0.0,
				132449.0,
				0.0,
				-34584.402611034806,
				-38938.92571243667,
				0.0,
				0.0,
				0.0,
				132449.0
			],
			"source_node_id" : 5,
			"target_node_id" : 45,
			"transformation" : 
			[
				0.90886980269984008,
				0.15832513348994318,
				-0.38586115876794996,
				0.0,
				-0.071452026529884985,
				0.97057748201757132,
				0.22994338282543467,
				0.0,
				0.41091396866634511,
				-0.18141803522754696,
				0.89344121622468875,
				0.0,
				-0.10887705750414443,
				-0.12135112947050003,
				0.339733370015733,
				1.0
			],
			"uncertain" : true,
			"version_major" : 1,
			"version_minor" : 0
		},
		{
			"class_name" : "PoseGraphEdge",
			"confidence" : 1.0,
			"information" : 
			[
				379505.81087247853,
				8426.9362702985763,
				-74448.852822005952,
				0.0,
				-202108.59743869305,
				-27559.540946705383,
				8426.9362702985763,
				388655.61435122468,
				53846.227322618841,
				202108.59743869305,
				0.0,
				-41898.908516353695,
				-74448.852822005952,
				53846.227322618841,
				44691.673154133918,
				27559.540946705383,
				41898.908516353695,
				0.0,
				0.0,
				202108.59743869305,
				27559.540946705383,
				115174.0,
				0.0,
				0.0,
				-202108.59743869305,
				0.0,
				41898.908516353695,
				0.0,
				115174.0,
				0.0,
				-27559.540946705383,
				-41898.908516353695,
				0.0,
				0.0,
				0.0,
				115174.0
			],
			"source_node_id" : 5,
			"target_node_id" : 70,
			"transformation" : 
			[
				0.90239112649509623,
				0.16003003724496409,
				-0.40010078980462721,
				0.0,
				-0.057387071814459845,
				0.96484401759438077,
				0.25648147243201797,
				0.0,
				0.42707959306372029,
				-0.2084859920755095,
				0.87985033516889555,
				0.0,
				0.011287940161085922,
				-0.05372312383080817,
				0.25523021054651246,
				1.0
			],
			"uncertain" : true,
			"version_major" : 1,
			"version_minor" : 0
		},
		{
			"class_name" : "PoseGraphEdge",
			"confidence" : 1.0,
			"information" : 
			[
				391002.60294707486,
				4518.7344838164245,
				-71107.628574602408,
				0.0,
				-212747.71816891432,
				-19032.657733521308,
				4518.7344838164245,
				399482.41987683153,
				40146.741826855767,
				212747.71816891432,
				0.0,
				-41227.783656557789,
				-71107.628574602408,
				40146.741826855767,
				45379.443320419996,
				19032.657733521308,
				41227.783656557789,
				0.0,
				0.0,
				212747.71816891432,
				19032.657733521308,
				124372.0,
				0.0,
				0.0,
				-212747.71816891432,
				0.0,
				41227.783656557789,
				0.0,
				124372.0,
				0.0,
				-19032.657733521308,
				-41227.783656557789,
				0.0,
				0.0,
				0.0,
				124372.0
			],
			"source_node_id" : 5,
			"target_node_id" : 80,
			"transformation" : 
			[
				0.93067957812760838,
				0.11281555446872484,
				-0.34800599639393026,
				0.0,
				-0.030084763770412932,
				0.97164365870126768,
				0.23452826587533698,
				0.0,
				0.36459625593949374,
				-0.20780098935166019,
				0.90768293967628111,
				0.0,
				0.079393887126318313,
				0.079742971480172647,
				0.16263945081781436,
				1.0
			],
			"uncertain" : true,
			"version_major" : 1,
			"version_minor" : 0
		},
		{
			"class_name" : "PoseGraphEdge",
			"confidence" : 1.0,
			"information" : 
			[
				407727.51111151266,
				3417.3495935959236,
				-71362.359159559375,
				0.0,
				-221201.88663375378,
				-16727.752028695424,
				3417.3495935959236,
				415370.72329093481,
				37275.993981650587,
				221201.88663375378,
				0.0,
				-41490.363303828635,
				-71362.359159559375,
				37275.993981650587,
				47741.912790508337,
				16727.752028695424,
				41490.363303828635,
				0.0,
				0.0,
				221201.88663375378,
				16727.752028695424,
				129260.0,
				0.0,
				0.0,
				-221201.88663375378,
				0.0,
				41490.363303828635,
				0.0,
				129260.0,
				0.0,
				-16727.752028695424,
				-41490.363303828635,
				0.0,
				0.0,
				0.0,
				129260.0
			],
			"source_node_id" : 5,
			"target_node_id" : 85,
			"transformation" : 
			[
				0.94177257413449178,
				0.093390641206073793,
				-0.32302106238326034,
				0.0,
				-0.020636053811968452,
				0.97489787814972995,
				0.22169411463145469,
				0.0,
				0.33561670383215625,
				-0.20211955698119224,
				0.92005929852078849,
				0.0,
				0.11048093903271797,
				0.11831163892534051,
				0.14162208006553786,
				1.0
			],
			"uncertain" : true,
			"version_major" : 1,
			"version_minor" : 0
		},
		{
			"class_name" : "PoseGraphEdge",
			"confidence" : 1.0,
			"information" : 
			[
				433262.53830532881,
				2118.1444614681573,
				-66109.661652673982,
				0.0,
				-235355.21379703283,
				-16626.348302663187,
				2118.1444614681573,
				440412.80749719398,
				37518.92093431903,
				235355.21379703283,
				0.0,
				-38366.205577990622,
				-66109.661652673982,
				37518.92093431903,
				50294.189873445735,
				16626.348302663187,
				38366.205577990622,
				0.0,
				0.0,
				235355.21379703283,
				16626.348302663187,
				137758.0,
				0.0,
				0.0,
				-235355.21379703283,
				0.0,
				38366.205577990622,
				0.0,
				137758.0,
				0.0,
				-16626.348302663187,
				-38366.205577990622,
				0.0,
				0.0,
				0.0,
				137758.0
			],
			"source_node_id" : 5,
			"target_node_id" : 90,
			"transformation" : 
			[
				0.96130054869244175,
				0.062354751415015348,
				-0.26835264123831976,
				0.0,
				-0.0025983780674475702,
				0.97605902447185378,
				0.21749029674556006,
				0.0,
				0.27548957061026697,
				-0.20837625997945391,
				0.93844809699948029,
				0.0,
				0.1303972871411796,
				0.13190327203469498,
				0.12598759946639007,
				1.0
			],
			"uncertain" : true,
			"version_major" : 1,
			"version_minor" : 0
		},
		{
			"class_name" : "PoseGraphEdge",
			"confidence" : 1.0,
			"information" : 
			[
				751123.5626190831,
				-6530.1524232705078,
				8775.4558034181937,
				0.0,
				-410336.42930799723,
				-10438.02637445915,
				-6530.1524232705078,
				774658.78365703055,
				39040.999404001319,
				410336.42930799723,
				0.0,
				4017.4767570783151,
				8775.4558034181937,
				39040.999404001319,
				112506.19553856563,
				10438.02637445915,
				-4017.4767570783151,
				0.0,
				0.0,
				410336.42930799723,
				10438.02637445915,
				246407.0,
				0.0,
				0.0,
				-410336.42930799723,
				0.0,
				-4017.4767570783151,
				0.0,
				246407.0,
				0.0,
				-10438.02637445915,
				4017.4767570783151,
				0.0,
				0.0,
				0.0,
				246407.0
			],
			"source_node_id" : 6,
			"target_node_id" : 7,
			"transformation" : 
			[
				0.99983768637217774,
				0.010212651399433691,
				-0.014842596178705609,
				0.0,
				-0.010262899560776747,
				0.9999418461600087,
				-0.0033131843773592283,
				0.0,
				0.014807896627674358,
				0.0034649746761865221,
				0.99988435338690895,
				0.0,
				-0.0043595947962772148,
				0.010405804060289963,
				-5.7933726518715525e-05,
				1.0
			],
			"uncertain" : false,
			"version_major" : 1,
			"version_minor" : 0
		},
		{
			"class_name" : "PoseGraphEdge",
			"confidence" : 1.0,
			"information" : 
			[
				760943.70138200885,
				-6760.6492819860077,
				9724.8478409654617,
				0.0,
				-413423.04155808687,
				-11455.825867847656,
				-6760.6492819860077,
				785586.90003749158,
				41459.86256911762,
				413423.04155808687,
				0.0,
				4607.3510836260393,
				9724.8478409654617,
				41459.86256911762,
				114982.01147323221,
				11455.825867847656,
				-4607.3510836260393,
				0.0,
				0.0,
				413423.04155808687,
				11455.825867847656,
				246916.0,
				0.0,
				0.0,
				-413423.04155808687,
				0.0,
				-4607.3510836260393,
				0.0,
				246916.0,
				0.0,
				-11455.825867847656,
				4607.3510836260393,
				0.0,
				0.0,
				0.0,
				246916.0
			],
			"source_node_id" : 7,
			"target_node_id" : 8,
			"transformation" : 
			[
				0.99989651242835131,
				0.0097744988626456749,
				-0.01055573804163415,
				0.0,
				-0.0097991991121362323,
				0.99994936267880308,
				-0.0022908022644566187,
				0.0,
				0.010532812083207999,
				0.0023940029737386666,
				0.99994166260806527,
				0.0,
				-0.0010588098143717482,
				0.0088938322828379796,
				0.00049708148082447932,
				1.0
			],
			"uncertain" : false,
			"version_major" : 1,
			"version_minor" : 0
		},
		{
			"class_name" : "PoseGraphEdge",
			"confidence" : 1.0,
			"information" : 
			[
				768021.60997235111,
				-6805.7614093048123,
				11035.175215774843,
				0.0,
				-415258.16613513231,
				-12449.797924725106,
				-6805.7614093048123,
				793409.18469224672,
				43634.181787483336,
				415258.16613513231,
				0.0,
				5292.1584255468333,
				11035.175215774843,
				43634.181787483336,
				117574.17653395692,
				12449.797924725106,
				-5292.1584255468333,
				0.0,
				0.0,
				415258.16613513231,
				12449.797924725106,
				246952.0,
				0.0,
				0.0,
				-415258.16613513231,
				0.0,
				-5292.1584255468333,
				0.0,
				246952.0,
				0.0,
				-12449.797924725106,
				5292.1584255468333,
				0.0,
				0.0,
				0.0,
				246952.0
			],
			"source_node_id" : 8,
			"target_node_id" : 9,
			"transformation" : 
			[
				0.99994955089167925,
				0.0021784898839930073,
				-0.0098056031611709824,
				0.0,
				-0.0021740373246031527,
				0.99999752879573589,
				0.00046471941255886017,
				0.0,
				0.0098065913160618016,
				-0.00044337822061624621,
				0.99995181593040439,
				0.0,
				-0.0042117504505053919,
				0.0072797194188253013,
				0.0010894860316630734,
				1.0
			],
			"uncertain" : false,
			"version_major" : 1,
			"version_minor" : 0
		},
		{
			"class_name" : "PoseGraphEdge",
			"confidence" : 1.0,
			"information" : 
			[
				777161.83706655307,
				-7196.4118146162946,
				12260.78820946409,
				0.0,
				-419161.10408198833,
				-13118.023670330876,
				-7196.4118146162946,
				803051.2634048278,
				45135.616951899166,
				419161.10408198833,
				0.0,
				5959.3474925475894,
				12260.78820946409,
				45135.616951899166,
				119930.47020222212,
				13118.023670330876,
				-5959.3474925475894,
				0.0,
				0.0,
				419161.10408198833,
				13118.023670330876,
				248756.0,
				0.0,
				0.0,
				-419161.10408198833,
				0.0,
				-5959.3474925475894,
				0.0,
				248756.0,
				0.0,
				-13118.023670330876,
				5959.3474925475894,
				0.0,
				0.0,
				0.0,
				248756.0
			],
			"source_node_id" : 9,
			"target_node_id" : 10,
			"transformation" : 
			[
				0.99999132905263521,
				-0.00095227003255416126,
				-0.0040540105241360508,
				0.0,
				0.00095784312570286673,
				0.99999859871440955,
				0.0013729915377672301,
				0.0,
				0.0040526973846131556,
				-0.0013768627387419465,
				0.99999083990450055,
				0.0,
				4.4847148268048107e-05,
				0.0040164893777855414,
				0.0010789878359325085,
				1.0
			],
			"uncertain" : false,
			"version_major" : 1,
			"version_minor" : 0
		},
		{
			"class_name" : "PoseGraphEdge",
			"confidence" : 1.0,
			"information" : 
			[
				774656.499176841,
				-7437.638632534572,
				12173.618411688836,
				0.0,
				-417480.88737571239,
				-13485.785656507709,
				-7437.638632534572,
				800810.04036571959,
				45628.782549123476,
				417480.88737571239,
				0.0,
				5775.6820547550451,
				12173.618411688836,
				45628.782549123476,
				119477.16637381082,
				13485.785656507709,
				-5775.6820547550451,
				0.0,
				0.0,
				417480.88737571239,
				13485.785656507709,
				247436.0,
				0.0,
				0.0,
				-417480.88737571239,
				0.0,
				-5775.6820547550451,
				0.0,
				247436.0,
				0.0,
				-13485.785656507709,
				5775.6820547550451,
				0.0,
				0.0,
				0.0,
				247436.0
			],
			"source_node_id" : 10,
			"target_node_id" : 11,
			"transformation" : 
			[
				0.99996424185142785,
				-0.0054442567999613287,
				-0.0064710962281028959,
				0.0,
				0.0054769540592507042,
				0.99997227064686789,
				0.0050458806546516462,
				0.0,
				0.0064434457187245581,
				-0.0050811421200558336,
				0.9999663314342272,
				0.0,
				-0.00020662554128655981,
				0.0058265688935152287,
				0.0018319274033939486,
				1.0
			],
			"uncertain" : false,
			"version_major" : 1,
			"version_minor" : 0
		},
		{
			"class_name" : "PoseGraphEdge",
			"confidence" : 1.0,
			"information" : 
			[
				761487.31622186722,
				-5328.849691169783,
				-255.36787997008707,
				0.0,
				-405057.27426970005,
				-12099.973020678968,
				-5328.849691169783,
				782363.12910523056,
				43657.846345572507,
				405057.27426970005,
				0.0,
				-1083.7570079623256,
				-255.36787997008707,
				43657.846345572507,
				111428.10287761134,
				12099.973020678968,
				1083.7570079623256,
				0.0,
				0.0,
				405057.27426970005,
				12099.973020678968,
				236665.0,
				0.0,
				0.0,
				-405057.27426970005,
				0.0,
				1083.7570079623256,
				0.0,
				236665.0,
				0.0,
				-12099.973020678968,
				-1083.7570079623256,
				0.0,
				0.0,
				0.0,
				236665.0
			],
			"source_node_id" : 10,
			"target_node_id" : 15,
			"transformation" : 
			[
				0.99876795392899032,
				0.0057017741489397387,
				-0.049295679080964376,
				0.0,
				-0.0054241192628840303,
				0.99996867493423547,
				0.0057643803215559758,
				0.0,
				0.049327002085277315,
				-0.0054898926969488542,
				0.99876759456014363,
				0.0,
				-0.012957571919280302,
				0.018878541575794727,
				0.011572652020189806,
				1.0
			],
			"uncertain" : true,
			"version_major" : 1,
			"version_minor" : 0
		},
		{
			"class_name" : "PoseGraphEdge",
			"confidence" : 1.0,
			"information" : 
			[
				748811.99557316757,
				-4534.3688056485316,
				-10512.108399863157,
				0.0,
				-392693.01523369551,
				-13153.681139568216,
				-4534.3688056485316,
				764318.98531729041,
				45559.761190323574,
				392693.01523369551,
				0.0,
				-7258.2132674179738,
				-10512.108399863157,
				45559.761190323574,
				103028.81996100725,
				13153.681139568216,
				7258.2132674179738,
				0.0,
				0.0,
				392693.01523369551,
				13153.681139568216,
				225824.0,
				0.0,
				0.0,
				-392693.01523369551,
				0.0,
				7258.2132674179738,
				0.0,
				225824.0,
				0.0,
				-13153.681139568216,
				-7258.2132674179738,
				0.0,
				0.0,
				0.0,
				225824.0
			],
			"source_node_id" : 10,
			"target_node_id" : 20,
			"transformation" : 
			[
				0.99487667732327201,
				0.0020715323870716261,
				-0.10107475288999661,
				0.0,
				-0.0012170942145934463,
				0.99996301062755288,
				0.0085144617184583198,
				0.0,
				0.10108865218152516,
				-0.0083478218866726347,
				0.99484239870939939,
				0.0,
				-0.035553435515639054,
				0.010062788370277641,
				0.033005044099229761,
				1.0
			],
			"uncertain" : true,
			"version_major" : 1,
			"version_minor" : 0
		},
		{
			"class_name" : "PoseGraphEdge",
			"confidence" : 1.0,
			"information" : 
			[
				727469.67517127981,
				-3119.2118658935478,
				-23016.922906152689,
				0.0,
				-373662.5102981925,
				-15012.312182412948,
				-3119.2118658935478,
				735976.58878998016,
				49126.174761365604,
				373662.5102981925,
				0.0,
				-14314.337412836147,
				-23016.922906152689,
				49126.174761365604,
				91134.323696604828,
				15012.312182412948,
				14314.337412836147,
				0.0,
				0.0,
				373662.5102981925,
				15012.312182412948,
				210191.0,
				0.0,
				0.0,
				-373662.5102981925,
				0.0,
				14314.337412836147,
				0.0,
				210191.0,
				0.0,
				-15012.312182412948,
				-14314.337412836147,
				0.0,
				0.0,
				0.0,
				210191.0
			],
			"source_node_id" : 10,
			"target_node_id" : 25,
			"transformation" : 
			[
				0.98409895717518037,
				0.012628795132918298,
				-0.17717154404760491,
				0.0,
				-0.011647155163434108,
				0.99991052253997659,
				0.0065795661277309823,
				0.0,
				0.17723878318054581,
				-0.0044113997008974103,
				0.98415799203652155,
				0.0,
				-0.078072977455982739,
				-0.012968849170576106,
				0.071525947478573604,
				1.0
			],
			"uncertain" : true,
			"version_major" : 1,
			"version_minor" : 0
		},
		{
			"class_name" : "PoseGraphEdge",
			"confidence" : 1.0,
			"information" : 
			[
				78090.199438795244,
				1159.9381317787083,
				-8911.5149720830868,
				0.0,
				-36354.069251298904,
				-7794.4996651336551,
				1159.9381317787083,
				80020.429395692379,
				16184.553307889268,
				36354.069251298904,
				0.0,
				-5273.6787302773446,
				-8911.5149720830868,
				16184.553307889268,
				9985.3204117122859,
				7794.4996651336551,
				5273.6787302773446,
				0.0,
				0.0,
				36354.069251298904,
				7794.4996651336551,
				18089.0,
				0.0,
				0.0,
				-36354.069251298904,
				0.0,
				5273.6787302773446,
				0.0,
				18089.0,
				0.0,
				-7794.4996651336551,
				-5273.6787302773446,
				0.0,
				0.0,
				0.0,
				18089.0
			],
			"source_node_id" : 10,
			"target_node_id" : 30,
			"transformation" : 
			[
				0.96697407413506997,
				0.25416236396383679,
				0.019042917185635489,
				0.0,
				-0.13607990603884798,
				0.57800757271820336,
				-0.80460518582275564,
				0.0,
				-0.21550730642621652,
				0.77544099622390761,
				0.59350472807905352,
				0.0,
				0.83413160608140979,
				-1.748834159473508,
				0.86469524738388048,
				1.0
			],
			"uncertain" : true,
			"version_major" : 1,
			"version_minor" : 0
		},
		{
			"class_name" : "PoseGraphEdge",
			"confidence" : 1.0,
			"information" : 
			[
				569918.39457388408,
				494.87450506243249,
				-39173.75129436428,
				0.0,
				-290428.5967553854,
				-31708.614658077713,
				494.87450506243249,
				573789.951308102,
				70580.514028352351,
				290428.5967553854,
				0.0,
				-22405.035409136093,
				-39173.75129436428,
				70580.514028352351,
				62334.846495721686,
				31708.614658077713,
				22405.035409136093,
				0.0,
				0.0,
				290428.5967553854,
				31708.614658077713,
				160197.0,
				0.0,
				0.0,
				-290428.5967553854,
				0.0,
				22405.035409136093,
				0.0,
				160197.0,
				0.0,
				-31708.614658077713,
				-22405.035409136093,
				0.0,
				0.0,
				0.0,
				160197.0
			],
			"source_node_id" : 10,
			"target_node_id" : 35,
			"transformation" : 
			[
				0.95723944174924469,
				0.083794930817107718,
				-0.27689539672763031,
				0.0,
				-0.047181019430843033,
				0.98953660690033662,
				0.13634975251035472,
				0.0,
				0.28542354942271658,
				-0.11745515388234223,
				0.95117699943880762,
				0.0,
				-0.12971755110967031,
				-0.088459532384990602,
				0.19806005878959185,
				1.0
			],
			"uncertain" : true,
			"version_major" : 1,
			"version_minor" : 0
		},
		{
			"class_name" : "PoseGraphEdge",
			"confidence" : 1.0,
			"information" : 
			[
				546448.850570746,
				2181.8292307908973,
				-44507.778672551904,
				0.0,
				-273643.1674772501,
				-37305.910777854733,
				2181.8292307908973,
				549949.74616500549,
				79317.567045125863,
				273643.1674772501,
				0.0,
				-24615.042643834138,
				-44507.778672551904,
				79317.567045125863,
				58383.268064066302,
				37305.910777854733,
				24615.042643834138,
				0.0,
				0.0,
				273643.1674772501,
				37305.910777854733,
				147664.0,
				0.0,
				0.0,
				-273643.1674772501,
				0.0,
				24615.042643834138,
				0.0,
				147664.0,
				0.0,
				-37305.910777854733,
				-24615.042643834138,
				0.0,
				0.0,
				0.0,
				147664.0
			],
			"source_node_id" : 10,
			"target_node_id" : 40,
			"transformation" : 
			[
				0.95057884063940046,
				0.091962088537771311,
				-0.29655158404639242,
				0.0,
				-0.04042005135520095,
				0.98365433063987939,
				0.17547187028653469,
				0.0,
				0.30784100957652899,
				-0.15481321676518014,
				0.93875810555100947,
				0.0,
				-0.1338256203376845,
				-0.13654792865847856,
				0.27259758992058547,
				1.0
			],
			"uncertain" : true,
			"version_major" : 1,
			"version_minor" : 0
		},
		{
			"class_name" : "PoseGraphEdge",
			"confidence" : 1.0,
			"information" : 
			[
				396848.02889564575,
				5794.9591748683451,
				-61392.242909443383,
				0.0,
				-211403.29746901989,
				-27477.233086648281,
				5794.9591748683451,
				402547.25046379503,
				55964.305379602978,
				211403.29746901989,
				0.0,
				-35315.695871448377,
				-61392.242909443383,
				55964.305379602978,
				45308.552454572637,
				27477.233086648281,
				35315.695871448377,
				0.0,
				0.0,
				211403.29746901989,
				27477.233086648281,
				121745.0,
				0.0,
				0.0,
				-211403.29746901989,
				0.0,
				35315.695871448377,
				0.0,
				121745.0,
				0.0,
				-27477.233086648281,
				-35315.695871448377,
				0.0,
				0.0,
				0.0,
				121745.0
			],
			"source_node_id" : 10,
			"target_node_id" : 75,
			"transformation" : 
			[
				0.94568418133161125,
				0.083986201425594931,
				-0.31405054871669957,
				0.0,
				-0.010573052224390089,
				0.97348641689501803,
				0.22850034286092383,
				0.0,
				0.3249148192154695,
				-0.21276868681974537,
				0.92149869569260978,
				0.0,
				0.066295612758013697,
				-0.024824154545888703,
				0.16235278949013812,
				1.0
			],
			"uncertain" : true,
			"version_major" : 1,
			"version_minor" : 0
		},
		{
			"class_name" : "PoseGraphEdge",
			"confidence" : 1.0,
			"information" : 
			[
				412504.01972870308,
				4758.7515164851784,
				-61376.416769379,
				0.0,
				-221156.25548309088,
				-25606.423617676483,
				4758.7515164851784,
				418523.53568206175,
				53109.107114037579,
				221156.25548309088,
				0.0,
				-35678.62756202661,
				-61376.416769379,
				53109.107114037579,
				46844.748109954511,
				25606.423617676483,
				35678.62756202661,
				0.0,
				0.0,
				221156.25548309088,
				25606.423617676483,
				128041.0,
				0.0,
				0.0,
				-221156.25548309088,
				0.0,
				35678.62756202661,
				0.0,
				128041.0,
				0.0,
				-25606.423617676483,
				-35678.62756202661,
				0.0,
				0.0,
				0.0,
				128041.0
			],
			"source_node_id" : 10,
			"target_node_id" : 80,
			"transformation" : 
			[
				0.95522978819285476,
				0.081690608324761979,
				-0.28436366902360249,
				0.0,
				-0.013947529799247335,
				0.97249152783155579,
				0.23252031031362477,
				0.0,
				0.29553598454593277,
				-0.2181441560238907,
				0.93009225834381137,
				0.0,
				0.098377332190762626,
				0.029493607591023784,
				0.14116933855325739,
				1.0
			],
			"uncertain" : true,
			"version_major" : 1,
			"version_minor" : 0
		},
		{
			"class_name" : "PoseGraphEdge",
			"confidence" : 1.0,
			"information" : 
			[
				431699.64019585901,
				3539.9812277865049,
				-59736.352439782946,
				0.0,
				-231331.04144757986,
				-23525.498757420108,
				3539.9812277865049,
				437343.76949034684,
				50667.110479800365,
				231331.04144757986,
				0.0,
				-34856.087469178601,
				-59736.352439782946,
				50667.110479800365,
				49103.183499857099,
				23525.498757420108,
				34856.087469178601,
				0.0,
				0.0,
				231331.04144757986,
				23525.498757420108,
				134148.0,
				0.0,
				0.0,
				-231331.04144757986,
				0.0,
				34856.087469178601,
				0.0,
				134148.0,
				0.0,
				-23525.498757420108,
				-34856.087469178601,
				0.0,
				0.0,
				0.0,
				134148.0
			],
			"source_node_id" : 10,
			"target_node_id" : 85,
			"transformation" : 
			[
				0.96199518292333008,
				0.066251677867972161,
				-0.26490749935022145,
				0.0,
				-0.0076234364593827965,
				0.97625903395763636,
				0.21647212714955061,
				0.0,
				0.27295998103908703,
				-0.20622563806612404,
				0.93966155340918478,
				0.0,
				0.10916820458486097,
				0.058480745283144502,
				0.11687081224290696,
				1.0
			],
			"uncertain" : true,
			"version_major" : 1,
			"version_minor" : 0
		},
		{
			"class_name" : "PoseGraphEdge",
			"confidence" : 1.0,
			"information" : 
			[
				454565.73401707725,
				2077.2876573505669,
				-53042.079851456198,
				0.0,
				-244411.48765927553,
				-23635.892779445508,
				2077.2876573505669,
				460955.95702152286,
				51086.427378493754,
				244411.48765927553,
				0.0,
				-30967.513484230265,
				-53042.079851456198,
				51086.427378493754,
				52366.751981650013,
				23635.892779445508,
				30967.513484230265,
				0.0,
				0.0,
				244411.48765927553,
				23635.892779445508,
				142103.0,
				0.0,
				0.0,
				-244411.48765927553,
				0.0,
				30967.513484230265,
				0.0,
				142103.0,
				0.0,
				-23635.892779445508,
				-30967.513484230265,
				0.0,
				0.0,
				0.0,
				142103.0
			],
			"source_node_id" : 10,
			"target_node_id" : 90,
			"transformation" : 
			[
				0.97812044962551314,
				0.030994786952584671,
